8.643559e+01 5.614840e+01 5.641072e+02
8.680104e+01 5.614782e+01 5.641012e+02
8.716660e+01 5.614724e+01 5.640953e+02
8.753205e+01 5.614657e+01 5.640893e+02
8.789761e+01 5.614599e+01 5.640834e+02
8.826306e+01 5.614541e+01 5.640774e+02
8.862851e+01 5.614483e+01 5.640715e+02
8.899397e+01 5.614425e+01 5.640655e+02
8.935942e+01 5.614368e+01 5.640595e+02
9.082114e+01 5.614126e+01 5.640357e+02
9.118649e+01 5.614068e+01 5.640298e+02
9.155195e+01 5.614011e+01 5.640238e+02
9.191730e+01 5.613953e+01 5.640179e+02
9.228275e+01 5.613895e+01 5.640119e+02
9.264811e+01 5.613827e+01 5.640059e+02
9.301346e+01 5.613769e+01 5.640000e+02
9.337882e+01 5.613711e+01 5.639940e+02
9.374417e+01 5.613653e+01 5.639881e+02
9.410953e+01 5.613596e+01 5.639821e+02
9.447488e+01 5.613538e+01 5.639762e+02
9.484023e+01 5.613480e+01 5.639702e+02
9.520559e+01 5.613412e+01 5.639643e+02
9.557084e+01 5.613354e+01 5.639583e+02
9.593620e+01 5.613296e+01 5.639524e+02
9.630145e+01 5.613238e+01 5.639464e+02
9.666680e+01 5.613181e+01 5.639404e+02
9.703206e+01 5.613123e+01 5.639345e+02
9.739731e+01 5.613065e+01 5.639285e+02
9.776267e+01 5.612997e+01 5.639226e+02
9.812792e+01 5.612939e+01 5.639166e+02
9.849318e+01 5.612881e+01 5.639107e+02
9.885843e+01 5.612823e+01 5.639047e+02
9.922368e+01 5.612765e+01 5.638988e+02
9.958884e+01 5.612708e+01 5.638928e+02
9.995409e+01 5.612650e+01 5.638869e+02
1.003193e+02 5.612582e+01 5.638809e+02
1.006845e+02 5.612524e+01 5.638750e+02
1.014149e+02 5.612408e+01 5.638631e+02
1.017801e+02 5.612350e+01 5.638571e+02
1.021453e+02 5.612292e+01 5.638512e+02
1.025105e+02 5.612234e+01 5.638452e+02
1.036059e+02 5.612051e+01 5.638274e+02
1.039711e+02 5.611993e+01 5.638214e+02
1.043362e+02 5.611935e+01 5.638154e+02
1.047013e+02 5.611877e+01 5.638095e+02
1.050664e+02 5.611819e+01 5.638035e+02
1.054316e+02 5.611761e+01 5.637976e+02
1.057967e+02 5.611693e+01 5.637916e+02
1.061617e+02 5.611635e+01 5.637857e+02
1.065269e+02 5.611577e+01 5.637797e+02
1.068919e+02 5.611520e+01 5.637738e+02
1.072570e+02 5.611462e+01 5.637678e+02
1.076220e+02 5.611404e+01 5.637619e+02
1.079871e+02 5.611346e+01 5.637559e+02
1.083521e+02 5.611288e+01 5.637500e+02
1.087172e+02 5.611220e+01 5.637441e+02
1.090822e+02 5.611162e+01 5.637381e+02
1.094473e+02 5.611104e+01 5.637322e+02
1.098123e+02 5.611046e+01 5.637262e+02
1.101773e+02 5.610988e+01 5.637203e+02
1.105423e+02 5.610930e+01 5.637143e+02
1.109073e+02 5.610872e+01 5.637084e+02
1.112723e+02 5.610814e+01 5.637024e+02
1.116372e+02 5.610746e+01 5.636965e+02
1.120023e+02 5.610688e+01 5.636905e+02
1.127322e+02 5.610573e+01 5.636786e+02
1.130971e+02 5.610515e+01 5.636727e+02
1.134621e+02 5.610457e+01 5.636667e+02
1.138270e+02 5.610399e+01 5.636608e+02
1.141919e+02 5.610341e+01 5.636548e+02
1.152867e+02 5.610157e+01 5.636370e+02
1.156515e+02 5.610099e+01 5.636310e+02
1.160164e+02 5.610041e+01 5.636251e+02
1.163813e+02 5.609983e+01 5.636191e+02
6.888031e+01 5.654106e+01 5.643769e+02
6.924616e+01 5.654048e+01 5.643710e+02
6.961201e+01 5.653990e+01 5.643650e+02
6.997787e+01 5.653933e+01 5.643590e+02
7.034372e+01 5.653875e+01 5.643531e+02
7.070958e+01 5.653807e+01 5.643471e+02
7.107543e+01 5.653749e+01 5.643412e+02
7.144118e+01 5.653692e+01 5.643352e+02
7.180704e+01 5.653634e+01 5.643292e+02
7.217279e+01 5.653576e+01 5.643233e+02
7.253865e+01 5.653508e+01 5.643173e+02
7.290440e+01 5.653451e+01 5.643113e+02
7.327015e+01 5.653393e+01 5.643054e+02
7.363591e+01 5.653335e+01 5.642994e+02
7.400166e+01 5.653277e+01 5.642935e+02
7.436752e+01 5.653210e+01 5.642875e+02
7.473317e+01 5.653152e+01 5.642815e+02
7.509893e+01 5.653094e+01 5.642756e+02
7.546468e+01 5.653036e+01 5.642696e+02
7.583043e+01 5.652979e+01 5.642637e+02
7.619609e+01 5.652911e+01 5.642577e+02
7.656184e+01 5.652853e+01 5.642517e+02
7.692750e+01 5.652795e+01 5.642458e+02
7.729325e+01 5.652738e+01 5.642398e+02
7.765890e+01 5.652680e+01 5.642339e+02
7.802456e+01 5.652612e+01 5.642279e+02
7.839031e+01 5.652554e+01 5.642219e+02
7.875597e+01 5.652497e+01 5.642160e+02
7.912162e+01 5.652439e+01 5.642100e+02
7.948727e+01 5.652381e+01 5.642041e+02
7.985293e+01 5.652313e+01 5.641981e+02
8.021848e+01 5.652255e+01 5.641921e+02
8.058414e+01 5.652198e+01 5.641862e+02
8.094979e+01 5.652140e+01 5.641802e+02
8.131534e+01 5.652082e+01 5.641743e+02
8.168100e+01 5.652014e+01 5.641683e+02
8.204655e+01 5.651956e+01 5.641623e+02
8.241211e+01 5.651899e+01 5.641564e+02
8.277776e+01 5.651841e+01 5.641504e+02
8.314332e+01 5.651783e+01 5.641445e+02
8.350887e+01 5.651725e+01 5.641385e+02
8.387442e+01 5.651658e+01 5.641326e+02
8.423998e+01 5.651600e+01 5.641266e+02
8.460553e+01 5.651542e+01 5.641206e+02
8.497099e+01 5.651484e+01 5.641147e+02
8.533654e+01 5.651426e+01 5.641087e+02
8.570209e+01 5.651358e+01 5.641028e+02
8.606755e+01 5.651301e+01 5.640968e+02
8.972229e+01 5.650702e+01 5.640373e+02
9.008764e+01 5.650645e+01 5.640313e+02
9.045310e+01 5.650587e+01 5.640253e+02
1.010468e+02 5.648859e+01 5.638527e+02
1.028726e+02 5.648559e+01 5.638229e+02
1.032378e+02 5.648501e+01 5.638170e+02
1.123639e+02 5.647013e+01 5.636682e+02
1.145535e+02 5.646655e+01 5.636326e+02
1.149184e+02 5.646587e+01 5.636266e+02
2.271883e+01 5.698116e+01 5.651128e+02
2.345248e+01 5.697991e+01 5.651009e+02
2.491968e+01 5.697751e+01 5.650770e+02
2.565325e+01 5.697636e+01 5.650650e+02
2.602002e+01 5.697569e+01 5.650590e+02
2.638677e+01 5.697511e+01 5.650531e+02
2.675352e+01 5.697454e+01 5.650471e+02
2.712027e+01 5.697396e+01 5.650411e+02
2.748701e+01 5.697329e+01 5.650351e+02
2.822046e+01 5.697214e+01 5.650232e+02
2.895388e+01 5.697089e+01 5.650112e+02
2.968727e+01 5.696974e+01 5.649993e+02
3.005395e+01 5.696906e+01 5.649933e+02
3.042062e+01 5.696849e+01 5.649873e+02
3.078729e+01 5.696791e+01 5.649813e+02
3.115394e+01 5.696734e+01 5.649754e+02
3.152060e+01 5.696666e+01 5.649694e+02
3.188724e+01 5.696609e+01 5.649634e+02
3.225387e+01 5.696551e+01 5.649574e+02
3.262051e+01 5.696484e+01 5.649515e+02
3.298712e+01 5.696426e+01 5.649455e+02
3.335374e+01 5.696369e+01 5.649395e+02
3.372034e+01 5.696311e+01 5.649335e+02
3.408693e+01 5.696244e+01 5.649276e+02
3.445353e+01 5.696186e+01 5.649216e+02
3.482011e+01 5.696128e+01 5.649156e+02
3.518669e+01 5.696071e+01 5.649096e+02
3.555325e+01 5.696003e+01 5.649037e+02
3.591980e+01 5.695946e+01 5.648977e+02
3.628636e+01 5.695888e+01 5.648917e+02
3.665290e+01 5.695821e+01 5.648858e+02
3.701944e+01 5.695763e+01 5.648798e+02
3.738596e+01 5.695706e+01 5.648738e+02
3.775248e+01 5.695648e+01 5.648678e+02
3.811899e+01 5.695581e+01 5.648619e+02
3.848549e+01 5.695523e+01 5.648559e+02
3.885200e+01 5.695465e+01 5.648499e+02
3.921848e+01 5.695408e+01 5.648439e+02
3.958496e+01 5.695340e+01 5.648380e+02
3.995144e+01 5.695283e+01 5.648320e+02
4.031790e+01 5.695225e+01 5.648260e+02
4.068436e+01 5.695168e+01 5.648200e+02
4.105081e+01 5.695100e+01 5.648141e+02
-1.616686e+02 5.765074e+01 5.681013e+02
-1.598150e+02 5.764771e+01 5.680711e+02
-1.587029e+02 5.764582e+01 5.680530e+02
-1.572203e+02 5.764335e+01 5.680288e+02
-1.561084e+02 5.764156e+01 5.680107e+02
-1.557378e+02 5.764099e+01 5.680047e+02
-1.546260e+02 5.763910e+01 5.679866e+02
-1.542555e+02 5.763853e+01 5.679805e+02
-1.538848e+02 5.763787e+01 5.679745e+02
-1.535143e+02 5.763730e+01 5.679684e+02
-1.527732e+02 5.763607e+01 5.679564e+02
-1.516616e+02 5.763417e+01 5.679382e+02
-1.512911e+02 5.763361e+01 5.679322e+02
-1.509206e+02 5.763294e+01 5.679262e+02
-1.505500e+02 5.763238e+01 5.679201e+02
-1.501796e+02 5.763171e+01 5.679141e+02
-1.498090e+02 5.763115e+01 5.679081e+02
-1.494386e+02 5.763058e+01 5.679020e+02
-1.490681e+02 5.762992e+01 5.678960e+02
-1.486977e+02 5.762935e+01 5.678899e+02
-1.483272e+02 5.762868e+01 5.678839e+02
-1.479568e+02 5.762812e+01 5.678779e+02
-1.475863e+02 5.762745e+01 5.678718e+02
-1.472159e+02 5.762689e+01 5.678658e+02
-1.464751e+02 5.762566e+01 5.678537e+02
-1.461047e+02 5.762499e+01 5.678477e+02
-1.457343e+02 5.762442e+01 5.678416e+02
-1.453639e+02 5.762376e+01 5.678356e+02
-1.449935e+02 5.762319e+01 5.678296e+02
-1.446231e+02 5.762253e+01 5.678235e+02
-1.442527e+02 5.762196e+01 5.678175e+02
-1.438824e+02 5.762130e+01 5.678115e+02
-1.435120e+02 5.762073e+01 5.678054e+02
-1.431417e+02 5.762016e+01 5.677994e+02
-1.427713e+02 5.761950e+01 5.677934e+02
-1.424010e+02 5.761893e+01 5.677873e+02
-1.420307e+02 5.761827e+01 5.677813e+02
-1.416604e+02 5.761770e+01 5.677753e+02
-1.412901e+02 5.761703e+01 5.677692e+02
-1.409198e+02 5.761647e+01 5.677632e+02
-1.405495e+02 5.761580e+01 5.677572e+02
-1.401792e+02 5.761524e+01 5.677511e+02
-1.398089e+02 5.761457e+01 5.677451e+02
-1.394387e+02 5.761400e+01 5.677390e+02
-1.390684e+02 5.761334e+01 5.677330e+02
-1.386982e+02 5.761277e+01 5.677270e+02
-1.383279e+02 5.761220e+01 5.677209e+02
-1.379577e+02 5.761154e+01 5.677149e+02
-1.375875e+02 5.761097e+01 5.677089e+02
-1.372172e+02 5.761031e+01 5.677028e+02
-1.368470e+02 5.760974e+01 5.676968e+02
-1.364768e+02 5.760907e+01 5.676908e+02
-1.361066e+02 5.760851e+01 5.676847e+02
-1.357364e+02 5.760784e+01 5.676787e+02
-1.353663e+02 5.760727e+01 5.676727e+02
-1.349961e+02 5.760661e+01 5.676667e+02
-1.346259e+02 5.760604e+01 5.676606e+02
-1.342558e+02 5.760538e+01 5.676546e+02
-1.338856e+02 5.760481e+01 5.676486e+02
-1.335155e+02 5.760424e+01 5.676425e+02
-1.331454e+02 5.760358e+01 5.676365e+02
-1.327752e+02 5.760301e+01 5.676305e+02
-1.324051e+02 5.760234e+01 5.676244e+02
-1.320350e+02 5.760178e+01 5.676184e+02
-1.316649e+02 5.760111e+01 5.676124e+02
-1.309247e+02 5.759988e+01 5.676003e+02
-1.305547e+02 5.759931e+01 5.675943e+02
-1.298145e+02 5.759808e+01 5.675822e+02
-1.294445e+02 5.759751e+01 5.675762e+02
-1.287044e+02 5.759628e+01 5.675641e+02
-1.283344e+02 5.759561e+01 5.675581e+02
-1.279643e+02 5.759504e+01 5.675521e+02
-1.275943e+02 5.759438e+01 5.675460e+02
-1.272243e+02 5.759381e+01 5.675400e+02
-1.268543e+02 5.759314e+01 5.675340e+02
-9.838805e+01 5.754614e+01 5.670701e+02
-9.801866e+01 5.754547e+01 5.670640e+02
-9.764929e+01 5.754490e+01 5.670580e+02
-9.727992e+01 5.754424e+01 5.670520e+02
-9.691055e+01 5.754367e+01 5.670460e+02
-9.654120e+01 5.754310e+01 5.670400e+02
-9.617186e+01 5.754243e+01 5.670339e+02
-9.580251e+01 5.754186e+01 5.670279e+02
-9.543319e+01 5.754119e+01 5.670219e+02
-9.506386e+01 5.754063e+01 5.670159e+02
-9.469455e+01 5.753996e+01 5.670099e+02
-9.432524e+01 5.753939e+01 5.670039e+02
-9.395594e+01 5.753882e+01 5.669978e+02
-9.358665e+01 5.753815e+01 5.669918e+02
-9.321737e+01 5.753758e+01 5.669858e+02
-9.284809e+01 5.753691e+01 5.669798e+02
-9.247882e+01 5.753635e+01 5.669738e+02
-9.210957e+01 5.753568e+01 5.669677e+02
-9.174031e+01 5.753511e+01 5.669617e+02
-9.137107e+01 5.753454e+01 5.669557e+02
-9.100182e+01 5.753387e+01 5.669497e+02
-9.063260e+01 5.753330e+01 5.669437e+02
-9.026338e+01 5.753263e+01 5.669377e+02
-8.989416e+01 5.753206e+01 5.669316e+02
-8.952496e+01 5.753150e+01 5.669256e+02
-8.915576e+01 5.753083e+01 5.669196e+02
-8.878657e+01 5.753026e+01 5.669136e+02
-8.841739e+01 5.752959e+01 5.669076e+02
-8.804821e+01 5.752902e+01 5.669016e+02
-8.767905e+01 5.752835e+01 5.668955e+02
-8.730989e+01 5.752778e+01 5.668895e+02
-8.694074e+01 5.752721e+01 5.668835e+02
-8.657160e+01 5.752654e+01 5.668775e+02
-8.620247e+01 5.752598e+01 5.668715e+02
-8.583333e+01 5.752531e+01 5.668655e+02
-8.546422e+01 5.752474e+01 5.668594e+02
-8.472600e+01 5.752350e+01 5.668474e+02
-8.435691e+01 5.752293e+01 5.668414e+02
-8.398781e+01 5.752226e+01 5.668354e+02
-8.361874e+01 5.752169e+01 5.668294e+02
-8.324967e+01 5.752102e+01 5.668234e+02
-8.288060e+01 5.752045e+01 5.668173e+02
-8.251155e+01 5.751988e+01 5.668113e+02
-8.214250e+01 5.751922e+01 5.668053e+02
-8.177345e+01 5.751865e+01 5.667993e+02
-8.140442e+01 5.751798e+01 5.667933e+02
-8.103539e+01 5.751741e+01 5.667873e+02
-8.066638e+01 5.751684e+01 5.667813e+02
-8.029737e+01 5.751617e+01 5.667752e+02
-7.992836e+01 5.751560e+01 5.667692e+02
-7.955937e+01 5.751493e+01 5.667632e+02
-7.919039e+01 5.751436e+01 5.667572e+02
-7.882141e+01 5.751379e+01 5.667512e+02
-7.808347e+01 5.751255e+01 5.667392e+02
-7.476316e+01 5.750703e+01 5.666851e+02
-7.181231e+01 5.750217e+01 5.666370e+02
-1.510580e+01 5.740839e+01 5.657128e+02
1.317815e+01 5.736163e+01 5.652519e+02
1.354517e+01 5.736096e+01 5.652459e+02
1.391219e+01 5.736038e+01 5.652399e+02
1.427919e+01 5.735981e+01 5.652340e+02
1.464618e+01 5.735914e+01 5.652280e+02
1.501318e+01 5.735856e+01 5.652220e+02
1.538016e+01 5.735799e+01 5.652160e+02
1.574714e+01 5.735731e+01 5.652100e+02
1.611410e+01 5.735674e+01 5.652041e+02
1.648105e+01 5.735616e+01 5.651981e+02
1.684801e+01 5.735549e+01 5.651921e+02
1.721495e+01 5.735491e+01 5.651861e+02
1.758189e+01 5.735434e+01 5.651801e+02
1.794882e+01 5.735367e+01 5.651742e+02
1.831573e+01 5.735309e+01 5.651682e+02
1.868265e+01 5.735252e+01 5.651622e+02
1.904955e+01 5.735184e+01 5.651562e+02
1.941645e+01 5.735127e+01 5.651502e+02
1.978334e+01 5.735069e+01 5.651443e+02
2.015021e+01 5.735012e+01 5.651383e+02
2.051709e+01 5.734944e+01 5.651323e+02
2.088396e+01 5.734887e+01 5.651263e+02
2.125082e+01 5.734829e+01 5.651204e+02
2.161767e+01 5.734762e+01 5.651144e+02
2.198450e+01 5.734704e+01 5.651084e+02
2.235134e+01 5.734647e+01 5.651024e+02
2.308499e+01 5.734522e+01 5.650905e+02
2.381860e+01 5.734397e+01 5.650785e+02
2.418540e+01 5.734340e+01 5.650725e+02
2.455218e+01 5.734282e+01 5.650666e+02
2.528574e+01 5.734157e+01 5.650546e+02
2.785293e+01 5.733735e+01 5.650128e+02
2.858635e+01 5.733610e+01 5.650008e+02
2.931972e+01 5.733494e+01 5.649889e+02
-1.742730e+02 5.803828e+01 5.682902e+02
-1.739020e+02 5.803771e+01 5.682842e+02
-1.735311e+02 5.803705e+01 5.682781e+02
-1.731600e+02 5.803648e+01 5.682721e+02
-1.727891e+02 5.803582e+01 5.682661e+02
-1.724181e+02 5.803525e+01 5.682600e+02
-1.720471e+02 5.803459e+01 5.682540e+02
-1.716763e+02 5.803402e+01 5.682479e+02
-1.713053e+02 5.803336e+01 5.682419e+02
-1.709344e+02 5.803280e+01 5.682358e+02
-1.705634e+02 5.803213e+01 5.682298e+02
-1.701926e+02 5.803157e+01 5.682237e+02
-1.698216e+02 5.803090e+01 5.682177e+02
-1.694508e+02 5.803034e+01 5.682116e+02
-1.690799e+02 5.802967e+01 5.682056e+02
-1.687090e+02 5.802911e+01 5.681996e+02
-1.683381e+02 5.802844e+01 5.681935e+02
-1.679673e+02 5.802778e+01 5.681875e+02
-1.675964e+02 5.802721e+01 5.681814e+02
-1.672255e+02 5.802655e+01 5.681754e+02
-1.668547e+02 5.802599e+01 5.681693e+02
-1.664839e+02 5.802532e+01 5.681633e+02
-1.661131e+02 5.802476e+01 5.681573e+02
-1.657422e+02 5.802409e+01 5.681512e+02
-1.653715e+02 5.802353e+01 5.681452e+02
-1.650006e+02 5.802286e+01 5.681391e+02
-1.646299e+02 5.802230e+01 5.681331e+02
-1.642591e+02 5.802163e+01 5.681270e+02
-1.638883e+02 5.802107e+01 5.681210e+02
-1.635175e+02 5.802040e+01 5.681150e+02
-1.631468e+02 5.801984e+01 5.681089e+02
-1.627760e+02 5.801917e+01 5.681029e+02
-1.624053e+02 5.801861e+01 5.680968e+02
-1.620346e+02 5.801794e+01 5.680908e+02
-1.612931e+02 5.801671e+01 5.680787e+02
-1.609224e+02 5.801615e+01 5.680727e+02
-1.605517e+02 5.801548e+01 5.680666e+02
-1.601810e+02 5.801492e+01 5.680606e+02
-1.594396e+02 5.801359e+01 5.680485e+02
-1.590690e+02 5.801302e+01 5.680425e+02
-1.583277e+02 5.801179e+01 5.680304e+02
-1.579570e+02 5.801113e+01 5.680243e+02
-1.575864e+02 5.801056e+01 5.680183e+02
-1.568451e+02 5.800933e+01 5.680062e+02
-1.564745e+02 5.800867e+01 5.680002e+02
-1.553626e+02 5.800687e+01 5.679821e+02
-1.549921e+02 5.800621e+01 5.679760e+02
-1.523982e+02 5.800195e+01 5.679338e+02
-1.468412e+02 5.799266e+01 5.678432e+02
-7.845016e+01 5.787886e+01 5.667287e+02
-7.771226e+01 5.787762e+01 5.667167e+02
-7.734332e+01 5.787705e+01 5.667106e+02
-7.697440e+01 5.787638e+01 5.667046e+02
-7.660547e+01 5.787581e+01 5.666986e+02
-7.623656e+01 5.787514e+01 5.666926e+02
-7.586765e+01 5.787457e+01 5.666866e+02
-7.549876e+01 5.787390e+01 5.666806e+02
-7.512987e+01 5.787333e+01 5.666746e+02
-7.439212e+01 5.787210e+01 5.666626e+02
-7.402326e+01 5.787153e+01 5.666565e+02
-7.365439e+01 5.787086e+01 5.666505e+02
-7.328554e+01 5.787029e+01 5.666445e+02
-7.291670e+01 5.786962e+01 5.666385e+02
-7.254787e+01 5.786905e+01 5.666325e+02
-7.217904e+01 5.786838e+01 5.666265e+02
-7.144141e+01 5.786714e+01 5.666145e+02
-7.107261e+01 5.786657e+01 5.666085e+02
-4.269824e+01 5.781933e+01 5.661461e+02
-4.196186e+01 5.781809e+01 5.661341e+02
-4.159369e+01 5.781752e+01 5.661281e+02
-4.122551e+01 5.781685e+01 5.661221e+02
-4.085735e+01 5.781628e+01 5.661161e+02
-4.048920e+01 5.781571e+01 5.661101e+02
-4.012105e+01 5.781503e+01 5.661041e+02
-3.975291e+01 5.781446e+01 5.660981e+02
-3.938478e+01 5.781379e+01 5.660921e+02
-3.901666e+01 5.781322e+01 5.660861e+02
-3.864854e+01 5.781265e+01 5.660801e+02
-3.828043e+01 5.781198e+01 5.660741e+02
-3.791233e+01 5.781140e+01 5.660681e+02
-3.754424e+01 5.781073e+01 5.660621e+02
-3.717616e+01 5.781016e+01 5.660561e+02
-3.680808e+01 5.780959e+01 5.660501e+02
-3.644001e+01 5.780892e+01 5.660441e+02
-3.607195e+01 5.780835e+01 5.660381e+02
-3.570390e+01 5.780768e+01 5.660321e+02
-3.533586e+01 5.780710e+01 5.660261e+02
-3.496781e+01 5.780643e+01 5.660201e+02
-3.459979e+01 5.780586e+01 5.660141e+02
-3.423177e+01 5.780529e+01 5.660081e+02
-3.386375e+01 5.780462e+01 5.660021e+02
-3.349574e+01 5.780404e+01 5.659961e+02
-3.312774e+01 5.780337e+01 5.659901e+02
-3.275975e+01 5.780280e+01 5.659841e+02
-3.202379e+01 5.780156e+01 5.659721e+02
-3.165583e+01 5.780099e+01 5.659661e+02
-3.128786e+01 5.780031e+01 5.659601e+02
-3.091992e+01 5.779974e+01 5.659541e+02
-3.055198e+01 5.779917e+01 5.659481e+02
-3.018403e+01 5.779850e+01 5.659421e+02
-2.981611e+01 5.779793e+01 5.659361e+02
-2.944819e+01 5.779725e+01 5.659301e+02
-2.908027e+01 5.779668e+01 5.659241e+02
-2.871237e+01 5.779611e+01 5.659182e+02
-2.834447e+01 5.779544e+01 5.659122e+02
-2.797658e+01 5.779486e+01 5.659062e+02
-2.760870e+01 5.779419e+01 5.659002e+02
-2.724082e+01 5.779362e+01 5.658942e+02
-2.687296e+01 5.779305e+01 5.658882e+02
-2.650510e+01 5.779238e+01 5.658822e+02
-2.613725e+01 5.779180e+01 5.658762e+02
-2.576941e+01 5.779113e+01 5.658702e+02
-2.540157e+01 5.779056e+01 5.658642e+02
-2.503375e+01 5.778999e+01 5.658582e+02
-2.466592e+01 5.778932e+01 5.658522e+02
-2.429812e+01 5.778874e+01 5.658462e+02
-2.393032e+01 5.778807e+01 5.658402e+02
-2.356251e+01 5.778750e+01 5.658342e+02
-2.319473e+01 5.778693e+01 5.658282e+02
-2.282695e+01 5.778625e+01 5.658222e+02
-2.245917e+01 5.778568e+01 5.658162e+02
-2.209141e+01 5.778501e+01 5.658103e+02
-2.172365e+01 5.778444e+01 5.658043e+02
-2.135591e+01 5.778386e+01 5.657983e+02
-2.098817e+01 5.778319e+01 5.657923e+02
-2.062043e+01 5.778262e+01 5.657863e+02
-2.025271e+01 5.778195e+01 5.657803e+02
-1.988498e+01 5.778137e+01 5.657743e+02
-1.951728e+01 5.778080e+01 5.657683e+02
-1.914958e+01 5.778013e+01 5.657623e+02
-1.878188e+01 5.777956e+01 5.657563e+02
-1.841419e+01 5.777888e+01 5.657503e+02
-1.804652e+01 5.777831e+01 5.657443e+02
-1.767884e+01 5.777774e+01 5.657383e+02
-1.731118e+01 5.777707e+01 5.657324e+02
-1.694352e+01 5.777649e+01 5.657264e+02
-1.657588e+01 5.777582e+01 5.657204e+02
-1.620824e+01 5.777525e+01 5.657144e+02
-1.584060e+01 5.777467e+01 5.657084e+02
-1.547298e+01 5.777400e+01 5.657024e+02
-4.232882e+01 5.818400e+01 5.661236e+02
-3.239083e+01 5.816736e+01 5.659617e+02
