1.612442e+02 1.540139e+02 0
1.612414e+02 1.543943e+02 0
1.612386e+02 1.547747e+02 0
1.611129e+02 1.718848e+02 0
1.611101e+02 1.722648e+02 0
1.611074e+02 1.726448e+02 0
1.611018e+02 1.734048e+02 0
1.610990e+02 1.737848e+02 0
1.619016e+02 1.197541e+02 0
1.618932e+02 1.208979e+02 0
1.618904e+02 1.212791e+02 0
1.618875e+02 1.216604e+02 0
1.618847e+02 1.220416e+02 0
1.618735e+02 1.235664e+02 0
1.618707e+02 1.239476e+02 0
1.618679e+02 1.243287e+02 0
1.618651e+02 1.247099e+02 0
1.618595e+02 1.254722e+02 0
1.618567e+02 1.258534e+02 0
1.618539e+02 1.262345e+02 0
1.618511e+02 1.266156e+02 0
1.618483e+02 1.269967e+02 0
1.618455e+02 1.273778e+02 0
1.618427e+02 1.277589e+02 0
1.618399e+02 1.281400e+02 0
1.618371e+02 1.285211e+02 0
1.618343e+02 1.289022e+02 0
1.618315e+02 1.292832e+02 0
1.618287e+02 1.296643e+02 0
1.618259e+02 1.300453e+02 0
1.618231e+02 1.304264e+02 0
1.618203e+02 1.308074e+02 0
1.618175e+02 1.311884e+02 0
1.618147e+02 1.315694e+02 0
1.618119e+02 1.319504e+02 0
1.618091e+02 1.323314e+02 0
1.618063e+02 1.327124e+02 0
1.618035e+02 1.330934e+02 0
1.618007e+02 1.334743e+02 0
1.617979e+02 1.338553e+02 0
1.617951e+02 1.342363e+02 0
1.617923e+02 1.346172e+02 0
1.617894e+02 1.349981e+02 0
1.617866e+02 1.353791e+02 0
1.617838e+02 1.357600e+02 0
1.617810e+02 1.361409e+02 0
1.617782e+02 1.365218e+02 0
1.617754e+02 1.369027e+02 0
1.617726e+02 1.372835e+02 0
1.617698e+02 1.376644e+02 0
1.617670e+02 1.380453e+02 0
1.617642e+02 1.384261e+02 0
1.617614e+02 1.388070e+02 0
1.617586e+02 1.391878e+02 0
1.617558e+02 1.395687e+02 0
1.617530e+02 1.399495e+02 0
1.617502e+02 1.403303e+02 0
1.617474e+02 1.407111e+02 0
1.617446e+02 1.410919e+02 0
1.617418e+02 1.414727e+02 0
1.617390e+02 1.418535e+02 0
1.617362e+02 1.422342e+02 0
1.617334e+02 1.426150e+02 0
1.617306e+02 1.429957e+02 0
1.617278e+02 1.433765e+02 0
1.617250e+02 1.437572e+02 0
1.617222e+02 1.441380e+02 0
1.617194e+02 1.445187e+02 0
1.617166e+02 1.448994e+02 0
1.617138e+02 1.452801e+02 0
1.617110e+02 1.456608e+02 0
1.617082e+02 1.460415e+02 0
1.617054e+02 1.464221e+02 0
1.617026e+02 1.468028e+02 0
1.616998e+02 1.471835e+02 0
1.616970e+02 1.475641e+02 0
1.616942e+02 1.479448e+02 0
1.616914e+02 1.483254e+02 0
1.616886e+02 1.487060e+02 0
1.616858e+02 1.490866e+02 0
1.616830e+02 1.494672e+02 0
1.616802e+02 1.498478e+02 0
1.616774e+02 1.502284e+02 0
1.616746e+02 1.506090e+02 0
1.616718e+02 1.509896e+02 0
1.616690e+02 1.513702e+02 0
1.616662e+02 1.517507e+02 0
1.616634e+02 1.521313e+02 0
1.616606e+02 1.525118e+02 0
1.616578e+02 1.528923e+02 0
1.616550e+02 1.532728e+02 0
1.616522e+02 1.536534e+02 0
1.616410e+02 1.551753e+02 0
1.616382e+02 1.555558e+02 0
1.616354e+02 1.559363e+02 0
1.616327e+02 1.563167e+02 0
1.616299e+02 1.566972e+02 0
1.616271e+02 1.570776e+02 0
1.616243e+02 1.574580e+02 0
1.616215e+02 1.578384e+02 0
1.616187e+02 1.582188e+02 0
1.616159e+02 1.585992e+02 0
1.616131e+02 1.589796e+02 0
1.616103e+02 1.593600e+02 0
1.616075e+02 1.597404e+02 0
1.616047e+02 1.601208e+02 0
1.616019e+02 1.605011e+02 0
1.615991e+02 1.608815e+02 0
1.615963e+02 1.612618e+02 0
1.615935e+02 1.616422e+02 0
1.615907e+02 1.620225e+02 0
1.615879e+02 1.624028e+02 0
1.615851e+02 1.627831e+02 0
1.615823e+02 1.631634e+02 0
1.615795e+02 1.635437e+02 0
1.615767e+02 1.639240e+02 0
1.615739e+02 1.643042e+02 0
1.615711e+02 1.646845e+02 0
1.615683e+02 1.650648e+02 0
1.615655e+02 1.654450e+02 0
1.615627e+02 1.658253e+02 0
1.615599e+02 1.662055e+02 0
1.615571e+02 1.665857e+02 0
1.615543e+02 1.669659e+02 0
1.615515e+02 1.673461e+02 0
1.615487e+02 1.677263e+02 0
1.615459e+02 1.681065e+02 0
1.615431e+02 1.684867e+02 0
1.615403e+02 1.688669e+02 0
1.615375e+02 1.692470e+02 0
1.615348e+02 1.696272e+02 0
1.615320e+02 1.700073e+02 0
1.615292e+02 1.703875e+02 0
1.615264e+02 1.707676e+02 0
1.615236e+02 1.711477e+02 0
1.615208e+02 1.715278e+02 0
1.615096e+02 1.730482e+02 0
1.625803e+02 8.273742e+01 0
1.625774e+02 8.311959e+01 0
1.625718e+02 8.388391e+01 0
1.625690e+02 8.426606e+01 0
1.625662e+02 8.464819e+01 0
1.625634e+02 8.503032e+01 0
1.625605e+02 8.541244e+01 0
1.625577e+02 8.579455e+01 0
1.625549e+02 8.617666e+01 0
1.625521e+02 8.655875e+01 0
1.625493e+02 8.694084e+01 0
1.625465e+02 8.732291e+01 0
1.625437e+02 8.770498e+01 0
1.623243e+02 1.174798e+02 0
1.623215e+02 1.178612e+02 0
1.623187e+02 1.182425e+02 0
1.623159e+02 1.186239e+02 0
1.623131e+02 1.190053e+02 0
1.623103e+02 1.193866e+02 0
1.623046e+02 1.201493e+02 0
1.623018e+02 1.205306e+02 0
1.622878e+02 1.224371e+02 0
1.622850e+02 1.228184e+02 0
1.622822e+02 1.231997e+02 0
1.622681e+02 1.251059e+02 0
1.644222e+02 -1.117820e+02 0
1.643737e+02 -1.052103e+02 0
1.643594e+02 -1.032779e+02 0
1.643309e+02 -9.941376e+01 0
1.643195e+02 -9.786836e+01 0
1.643110e+02 -9.670940e+01 0
1.643081e+02 -9.632310e+01 0
1.642910e+02 -9.400547e+01 0
1.642882e+02 -9.361923e+01 0
1.642853e+02 -9.323300e+01 0
1.642825e+02 -9.284678e+01 0
1.642739e+02 -9.168816e+01 0
1.642711e+02 -9.130197e+01 0
1.642654e+02 -9.052962e+01 0
1.642625e+02 -9.014346e+01 0
1.642540e+02 -8.898503e+01 0
1.642511e+02 -8.859890e+01 0
1.642483e+02 -8.821279e+01 0
1.640120e+02 -5.619552e+01 0
1.640092e+02 -5.581014e+01 0
1.640063e+02 -5.542477e+01 0
1.640035e+02 -5.503940e+01 0
1.639893e+02 -5.311271e+01 0
1.639694e+02 -5.041570e+01 0
1.639637e+02 -4.964520e+01 0
1.639608e+02 -4.925997e+01 0
1.639466e+02 -4.733393e+01 0
1.639381e+02 -4.617841e+01 0
1.639324e+02 -4.540810e+01 0
1.631646e+02 5.864613e+01 0
1.631618e+02 5.902891e+01 0
1.631590e+02 5.941169e+01 0
1.631561e+02 5.979446e+01 0
1.631533e+02 6.017722e+01 0
1.631505e+02 6.055997e+01 0
1.631477e+02 6.094271e+01 0
1.631448e+02 6.132544e+01 0
1.631420e+02 6.170816e+01 0
1.631392e+02 6.209088e+01 0
1.631364e+02 6.247358e+01 0
1.631335e+02 6.285628e+01 0
1.631307e+02 6.323897e+01 0
1.631279e+02 6.362165e+01 0
1.631251e+02 6.400432e+01 0
1.631222e+02 6.438699e+01 0
1.631194e+02 6.476964e+01 0
1.631166e+02 6.515229e+01 0
1.631138e+02 6.553493e+01 0
1.631109e+02 6.591755e+01 0
1.631081e+02 6.630018e+01 0
1.631053e+02 6.668279e+01 0
1.631025e+02 6.706539e+01 0
1.630997e+02 6.744798e+01 0
1.630968e+02 6.783057e+01 0
1.630940e+02 6.821315e+01 0
1.630912e+02 6.859571e+01 0
1.630884e+02 6.897827e+01 0
1.630855e+02 6.936083e+01 0
1.630827e+02 6.974337e+01 0
1.630799e+02 7.012590e+01 0
1.630771e+02 7.050843e+01 0
1.630742e+02 7.089094e+01 0
1.630714e+02 7.127345e+01 0
1.630686e+02 7.165595e+01 0
1.630658e+02 7.203844e+01 0
1.630630e+02 7.242092e+01 0
1.630601e+02 7.280340e+01 0
1.630573e+02 7.318586e+01 0
1.630545e+02 7.356832e+01 0
1.630517e+02 7.395076e+01 0
1.630488e+02 7.433320e+01 0
1.630460e+02 7.471563e+01 0
1.630432e+02 7.509805e+01 0
1.630404e+02 7.548047e+01 0
1.630376e+02 7.586287e+01 0
1.630347e+02 7.624527e+01 0
1.630319e+02 7.662765e+01 0
1.630291e+02 7.701003e+01 0
1.630263e+02 7.739240e+01 0
1.630235e+02 7.777476e+01 0
1.630206e+02 7.815711e+01 0
1.630178e+02 7.853946e+01 0
1.630150e+02 7.892179e+01 0
1.630122e+02 7.930412e+01 0
1.630093e+02 7.968644e+01 0
1.630065e+02 8.006875e+01 0
1.630037e+02 8.045105e+01 0
1.630009e+02 8.083334e+01 0
1.629981e+02 8.121562e+01 0
1.629952e+02 8.159790e+01 0
1.629924e+02 8.198016e+01 0
1.629896e+02 8.236242e+01 0
1.629811e+02 8.350914e+01 0
1.650489e+02 -1.412258e+02 0
1.650460e+02 -1.408384e+02 0
1.650403e+02 -1.400637e+02 0
1.650374e+02 -1.396763e+02 0
1.650345e+02 -1.392890e+02 0
1.650317e+02 -1.389016e+02 0
1.650231e+02 -1.377397e+02 0
1.650202e+02 -1.373524e+02 0
1.650145e+02 -1.365778e+02 0
1.650116e+02 -1.361905e+02 0
1.650088e+02 -1.358032e+02 0
1.650059e+02 -1.354160e+02 0
1.650031e+02 -1.350287e+02 0
1.650002e+02 -1.346415e+02 0
1.649973e+02 -1.342543e+02 0
1.649945e+02 -1.338670e+02 0
1.649916e+02 -1.334798e+02 0
1.649888e+02 -1.330926e+02 0
1.649859e+02 -1.327054e+02 0
1.649830e+02 -1.323182e+02 0
1.649802e+02 -1.319310e+02 0
1.649773e+02 -1.315439e+02 0
1.649744e+02 -1.311567e+02 0
1.649716e+02 -1.307696e+02 0
1.649687e+02 -1.303824e+02 0
1.649659e+02 -1.299953e+02 0
1.649630e+02 -1.296081e+02 0
1.649601e+02 -1.292210e+02 0
1.649573e+02 -1.288339e+02 0
1.649544e+02 -1.284468e+02 0
1.649516e+02 -1.280597e+02 0
1.649487e+02 -1.276726e+02 0
1.649458e+02 -1.272856e+02 0
1.649430e+02 -1.268985e+02 0
1.649401e+02 -1.265114e+02 0
1.649372e+02 -1.261244e+02 0
1.649344e+02 -1.257374e+02 0
1.649315e+02 -1.253503e+02 0
1.649287e+02 -1.249633e+02 0
1.649258e+02 -1.245763e+02 0
1.649229e+02 -1.241893e+02 0
1.649201e+02 -1.238023e+02 0
1.649172e+02 -1.234153e+02 0
1.649144e+02 -1.230283e+02 0
1.649115e+02 -1.226414e+02 0
1.649086e+02 -1.222544e+02 0
1.649058e+02 -1.218675e+02 0
1.649029e+02 -1.214805e+02 0
1.649001e+02 -1.210936e+02 0
1.648972e+02 -1.207067e+02 0
1.648915e+02 -1.199328e+02 0
1.648886e+02 -1.195459e+02 0
1.648858e+02 -1.191590e+02 0
1.648829e+02 -1.187722e+02 0
1.648800e+02 -1.183853e+02 0
1.648772e+02 -1.179984e+02 0
1.648743e+02 -1.176116e+02 0
1.648715e+02 -1.172247e+02 0
1.648686e+02 -1.168379e+02 0
1.648658e+02 -1.164511e+02 0
1.648600e+02 -1.156774e+02 0
1.648572e+02 -1.152906e+02 0
1.648543e+02 -1.149038e+02 0
1.648515e+02 -1.145171e+02 0
1.648486e+02 -1.141303e+02 0
1.648457e+02 -1.137435e+02 0
1.648429e+02 -1.133568e+02 0
1.648400e+02 -1.129700e+02 0
1.648372e+02 -1.125833e+02 0
1.648343e+02 -1.121965e+02 0
1.648286e+02 -1.114231e+02 0
1.648257e+02 -1.110364e+02 0
1.648229e+02 -1.106497e+02 0
1.648172e+02 -1.098763e+02 0
1.648143e+02 -1.094897e+02 0
1.648114e+02 -1.091030e+02 0
1.648057e+02 -1.083297e+02 0
1.648029e+02 -1.079431e+02 0
1.648000e+02 -1.075564e+02 0
1.647972e+02 -1.071698e+02 0
1.647943e+02 -1.067832e+02 0
1.647914e+02 -1.063966e+02 0
1.647886e+02 -1.060100e+02 0
1.647857e+02 -1.056234e+02 0
1.647800e+02 -1.048503e+02 0
1.647772e+02 -1.044637e+02 0
1.647743e+02 -1.040772e+02 0
1.647714e+02 -1.036907e+02 0
1.647657e+02 -1.029176e+02 0
1.647629e+02 -1.025311e+02 0
1.647600e+02 -1.021446e+02 0
1.647572e+02 -1.017581e+02 0
1.647543e+02 -1.013716e+02 0
1.647514e+02 -1.009851e+02 0
1.647486e+02 -1.005987e+02 0
1.647457e+02 -1.002122e+02 0
1.647429e+02 -9.982576e+01 0
1.647372e+02 -9.905288e+01 0
1.647343e+02 -9.866646e+01 0
1.647315e+02 -9.828004e+01 0
1.647257e+02 -9.750724e+01 0
1.647229e+02 -9.712085e+01 0
1.647086e+02 -9.518904e+01 0
1.647058e+02 -9.480270e+01 0
1.647029e+02 -9.441637e+01 0
1.646886e+02 -9.248486e+01 0
1.646858e+02 -9.209859e+01 0
1.646772e+02 -9.093981e+01 0
1.646686e+02 -8.978112e+01 0
1.646658e+02 -8.939491e+01 0
1.644348e+02 -5.814066e+01 0
1.644319e+02 -5.775516e+01 0
1.644291e+02 -5.736968e+01 0
1.644262e+02 -5.698420e+01 0
1.644234e+02 -5.659873e+01 0
1.644091e+02 -5.467151e+01 0
1.644063e+02 -5.428609e+01 0
1.644034e+02 -5.390068e+01 0
1.644006e+02 -5.351528e+01 0
1.643949e+02 -5.274451e+01 0
1.643921e+02 -5.235913e+01 0
1.643892e+02 -5.197377e+01 0
1.643864e+02 -5.158841e+01 0
1.643835e+02 -5.120306e+01 0
1.643807e+02 -5.081773e+01 0
1.643750e+02 -5.004707e+01 0
1.643664e+02 -4.889116e+01 0
1.643636e+02 -4.850588e+01 0
1.643607e+02 -4.812060e+01 0
1.643579e+02 -4.773533e+01 0
1.643522e+02 -4.696482e+01 0
1.643493e+02 -4.657957e+01 0
1.643436e+02 -4.580911e+01 0
1.643379e+02 -4.503869e+01 0
1.643351e+02 -4.465349e+01 0
1.643323e+02 -4.426830e+01 0
1.643294e+02 -4.388312e+01 0
1.643266e+02 -4.349794e+01 0
1.643237e+02 -4.311278e+01 0
1.643209e+02 -4.272762e+01 0
1.643180e+02 -4.234248e+01 0
1.643152e+02 -4.195734e+01 0
1.643123e+02 -4.157221e+01 0
1.643095e+02 -4.118709e+01 0
1.643066e+02 -4.080198e+01 0
1.643038e+02 -4.041687e+01 0
1.643009e+02 -4.003178e+01 0
1.642981e+02 -3.964669e+01 0
1.642952e+02 -3.926162e+01 0
1.642924e+02 -3.887655e+01 0
1.642896e+02 -3.849149e+01 0
1.642867e+02 -3.810644e+01 0
1.642839e+02 -3.772140e+01 0
1.642810e+02 -3.733636e+01 0
1.642782e+02 -3.695134e+01 0
1.642753e+02 -3.656632e+01 0
1.642725e+02 -3.618131e+01 0
1.642696e+02 -3.579632e+01 0
1.642668e+02 -3.541133e+01 0
1.642639e+02 -3.502635e+01 0
1.642611e+02 -3.464137e+01 0
1.642583e+02 -3.425641e+01 0
1.642554e+02 -3.387145e+01 0
1.642526e+02 -3.348651e+01 0
1.642497e+02 -3.310157e+01 0
1.642469e+02 -3.271664e+01 0
1.642440e+02 -3.233172e+01 0
1.642412e+02 -3.194681e+01 0
1.642383e+02 -3.156191e+01 0
1.642355e+02 -3.117701e+01 0
1.642327e+02 -3.079213e+01 0
1.642298e+02 -3.040725e+01 0
1.642270e+02 -3.002238e+01 0
1.642241e+02 -2.963753e+01 0
1.639911e+02 1.891276e+00 0
1.639570e+02 6.500339e+00 0
1.639230e+02 1.110815e+01 0
1.639116e+02 1.264381e+01 0
1.639088e+02 1.302770e+01 0
1.639031e+02 1.379546e+01 0
1.639003e+02 1.417933e+01 0
1.638974e+02 1.456319e+01 0
1.638918e+02 1.533088e+01 0
1.638747e+02 1.763374e+01 0
1.638719e+02 1.801753e+01 0
1.638691e+02 1.840130e+01 0
1.638577e+02 1.993630e+01 0
1.638549e+02 2.032002e+01 0
1.638520e+02 2.070374e+01 0
1.638492e+02 2.108745e+01 0
1.638464e+02 2.147116e+01 0
1.638407e+02 2.223854e+01 0
1.638379e+02 2.262221e+01 0
1.638350e+02 2.300588e+01 0
1.638322e+02 2.338954e+01 0
1.638294e+02 2.377319e+01 0
1.638237e+02 2.454046e+01 0
1.638209e+02 2.492409e+01 0
1.638180e+02 2.530770e+01 0
1.638152e+02 2.569131e+01 0
1.638123e+02 2.607491e+01 0
1.638095e+02 2.645850e+01 0
1.638067e+02 2.684208e+01 0
1.638038e+02 2.722565e+01 0
1.638010e+02 2.760921e+01 0
1.637982e+02 2.799277e+01 0
1.637953e+02 2.837631e+01 0
1.637925e+02 2.875985e+01 0
1.637897e+02 2.914338e+01 0
1.654644e+02 -1.420339e+02 0
1.654615e+02 -1.416464e+02 0
1.654529e+02 -1.404840e+02 0
1.654386e+02 -1.385469e+02 0
1.654357e+02 -1.381596e+02 0
1.654271e+02 -1.369974e+02 0
1.644104e+02 3.470967e-01 0
1.644075e+02 7.313371e-01 0
1.644047e+02 1.115569e+00 0
1.644018e+02 1.499792e+00 0
1.643961e+02 2.268212e+00 0
1.643933e+02 2.652409e+00 0
1.643905e+02 3.036597e+00 0
1.643876e+02 3.420776e+00 0
1.643848e+02 3.804947e+00 0
1.643819e+02 4.189109e+00 0
1.643791e+02 4.573263e+00 0
1.643762e+02 4.957408e+00 0
1.643734e+02 5.341544e+00 0
1.643705e+02 5.725671e+00 0
1.643677e+02 6.109790e+00 0
1.643620e+02 6.878001e+00 0
1.643592e+02 7.262094e+00 0
1.643563e+02 7.646177e+00 0
1.643535e+02 8.030253e+00 0
1.643506e+02 8.414319e+00 0
1.643478e+02 8.798377e+00 0
1.643450e+02 9.182426e+00 0
1.643421e+02 9.566466e+00 0
1.643393e+02 9.950498e+00 0
1.643364e+02 1.033452e+01 0
1.643336e+02 1.071854e+01 0
1.643279e+02 1.148654e+01 0
1.643251e+02 1.187053e+01 0
1.643222e+02 1.225451e+01 0
1.643137e+02 1.340639e+01 0
1.643023e+02 1.494212e+01 0
1.642966e+02 1.570993e+01 0
1.642938e+02 1.609382e+01 0
1.642909e+02 1.647771e+01 0
1.642881e+02 1.686158e+01 0
1.642853e+02 1.724545e+01 0
1.642739e+02 1.878083e+01 0
1.642711e+02 1.916465e+01 0
1.642682e+02 1.954847e+01 0
1.642512e+02 2.185117e+01 0
1.642341e+02 2.415357e+01 0
