1.642443e+02 1.323701e+02 0
1.642428e+02 1.327120e+02 0
1.641417e+02 1.569687e+02 0
1.647117e+02 1.060021e+02 0
1.647103e+02 1.063446e+02 0
1.647031e+02 1.080569e+02 0
1.647017e+02 1.083993e+02 0
1.647003e+02 1.087418e+02 0
1.646988e+02 1.090842e+02 0
1.646974e+02 1.094266e+02 0
1.646960e+02 1.097690e+02 0
1.646945e+02 1.101114e+02 0
1.646931e+02 1.104537e+02 0
1.646917e+02 1.107961e+02 0
1.646902e+02 1.111385e+02 0
1.646888e+02 1.114808e+02 0
1.646874e+02 1.118232e+02 0
1.646860e+02 1.121655e+02 0
1.646845e+02 1.125079e+02 0
1.646831e+02 1.128502e+02 0
1.646817e+02 1.131925e+02 0
1.646802e+02 1.135348e+02 0
1.646788e+02 1.138771e+02 0
1.646774e+02 1.142194e+02 0
1.646759e+02 1.145617e+02 0
1.646745e+02 1.149040e+02 0
1.646731e+02 1.152462e+02 0
1.646716e+02 1.155885e+02 0
1.646702e+02 1.159308e+02 0
1.646688e+02 1.162730e+02 0
1.646674e+02 1.166152e+02 0
1.646659e+02 1.169575e+02 0
1.646645e+02 1.172997e+02 0
1.646631e+02 1.176419e+02 0
1.646616e+02 1.179841e+02 0
1.646602e+02 1.183263e+02 0
1.646588e+02 1.186685e+02 0
1.646573e+02 1.190106e+02 0
1.646559e+02 1.193528e+02 0
1.646545e+02 1.196950e+02 0
1.646530e+02 1.200371e+02 0
1.646516e+02 1.203793e+02 0
1.646502e+02 1.207214e+02 0
1.646488e+02 1.210635e+02 0
1.646473e+02 1.214057e+02 0
1.646459e+02 1.217478e+02 0
1.646445e+02 1.220899e+02 0
1.646430e+02 1.224320e+02 0
1.646416e+02 1.227741e+02 0
1.646402e+02 1.231161e+02 0
1.646387e+02 1.234582e+02 0
1.646373e+02 1.238003e+02 0
1.646359e+02 1.241423e+02 0
1.646345e+02 1.244844e+02 0
1.646330e+02 1.248264e+02 0
1.646316e+02 1.251684e+02 0
1.646302e+02 1.255104e+02 0
1.646287e+02 1.258525e+02 0
1.646273e+02 1.261945e+02 0
1.646259e+02 1.265365e+02 0
1.646245e+02 1.268785e+02 0
1.646230e+02 1.272204e+02 0
1.646216e+02 1.275624e+02 0
1.646202e+02 1.279044e+02 0
1.646187e+02 1.282463e+02 0
1.646173e+02 1.285883e+02 0
1.646159e+02 1.289302e+02 0
1.646144e+02 1.292721e+02 0
1.646130e+02 1.296141e+02 0
1.646116e+02 1.299560e+02 0
1.646102e+02 1.302979e+02 0
1.646087e+02 1.306398e+02 0
1.646073e+02 1.309817e+02 0
1.646059e+02 1.313236e+02 0
1.646044e+02 1.316654e+02 0
1.646030e+02 1.320073e+02 0
1.645987e+02 1.330328e+02 0
1.645973e+02 1.333747e+02 0
1.645959e+02 1.337165e+02 0
1.645944e+02 1.340583e+02 0
1.645930e+02 1.344001e+02 0
1.645916e+02 1.347419e+02 0
1.645902e+02 1.350837e+02 0
1.645887e+02 1.354255e+02 0
1.645873e+02 1.357673e+02 0
1.645859e+02 1.361090e+02 0
1.645844e+02 1.364508e+02 0
1.645830e+02 1.367925e+02 0
1.645816e+02 1.371343e+02 0
1.645802e+02 1.374760e+02 0
1.645787e+02 1.378177e+02 0
1.645773e+02 1.381595e+02 0
1.645759e+02 1.385012e+02 0
1.645744e+02 1.388429e+02 0
1.645730e+02 1.391846e+02 0
1.645716e+02 1.395262e+02 0
1.645702e+02 1.398679e+02 0
1.645687e+02 1.402096e+02 0
1.645673e+02 1.405512e+02 0
1.645659e+02 1.408929e+02 0
1.645644e+02 1.412345e+02 0
1.645630e+02 1.415762e+02 0
1.645616e+02 1.419178e+02 0
1.645602e+02 1.422594e+02 0
1.645587e+02 1.426010e+02 0
1.645573e+02 1.429426e+02 0
1.645559e+02 1.432842e+02 0
1.645544e+02 1.436258e+02 0
1.645530e+02 1.439674e+02 0
1.645516e+02 1.443090e+02 0
1.645502e+02 1.446505e+02 0
1.645487e+02 1.449921e+02 0
1.645473e+02 1.453336e+02 0
1.645459e+02 1.456752e+02 0
1.645445e+02 1.460167e+02 0
1.645430e+02 1.463582e+02 0
1.645416e+02 1.466997e+02 0
1.645402e+02 1.470412e+02 0
1.645387e+02 1.473827e+02 0
1.645373e+02 1.477242e+02 0
1.645359e+02 1.480657e+02 0
1.645345e+02 1.484072e+02 0
1.645330e+02 1.487486e+02 0
1.645316e+02 1.490901e+02 0
1.645302e+02 1.494315e+02 0
1.645287e+02 1.497730e+02 0
1.645273e+02 1.501144e+02 0
1.645259e+02 1.504558e+02 0
1.645245e+02 1.507972e+02 0
1.645230e+02 1.511386e+02 0
1.645216e+02 1.514800e+02 0
1.645202e+02 1.518214e+02 0
1.645188e+02 1.521628e+02 0
1.645173e+02 1.525042e+02 0
1.645159e+02 1.528455e+02 0
1.645145e+02 1.531869e+02 0
1.645131e+02 1.535282e+02 0
1.645116e+02 1.538696e+02 0
1.645102e+02 1.542109e+02 0
1.645088e+02 1.545522e+02 0
1.645073e+02 1.548936e+02 0
1.645059e+02 1.552349e+02 0
1.645045e+02 1.555762e+02 0
1.645031e+02 1.559175e+02 0
1.645002e+02 1.566000e+02 0
1.644917e+02 1.586475e+02 0
1.644902e+02 1.589887e+02 0
1.644888e+02 1.593299e+02 0
1.644874e+02 1.596711e+02 0
1.644859e+02 1.600123e+02 0
1.644845e+02 1.603535e+02 0
1.644831e+02 1.606947e+02 0
1.644774e+02 1.620593e+02 0
1.644760e+02 1.624004e+02 0
1.644745e+02 1.627416e+02 0
1.644731e+02 1.630827e+02 0
1.644717e+02 1.634238e+02 0
1.644703e+02 1.637649e+02 0
1.658727e+02 -8.566304e+01 0
1.658538e+02 -8.115256e+01 0
1.658523e+02 -8.080566e+01 0
1.658436e+02 -7.872443e+01 0
1.652316e+02 6.724514e+01 0
1.652215e+02 6.964822e+01 0
1.652086e+02 7.273729e+01 0
1.652057e+02 7.342367e+01 0
1.652042e+02 7.376684e+01 0
1.652028e+02 7.411000e+01 0
1.652014e+02 7.445316e+01 0
1.651999e+02 7.479631e+01 0
1.651985e+02 7.513945e+01 0
1.651970e+02 7.548258e+01 0
1.651956e+02 7.582570e+01 0
1.651927e+02 7.651192e+01 0
1.651913e+02 7.685502e+01 0
1.651899e+02 7.719811e+01 0
1.651884e+02 7.754120e+01 0
1.651870e+02 7.788427e+01 0
1.651855e+02 7.822733e+01 0
1.651841e+02 7.857039e+01 0
1.651827e+02 7.891344e+01 0
1.651812e+02 7.925648e+01 0
1.650663e+02 1.066730e+02 0
1.650648e+02 1.070154e+02 0
1.650634e+02 1.073578e+02 0
1.650620e+02 1.077001e+02 0
1.664191e+02 -1.301000e+02 0
1.664045e+02 -1.266205e+02 0
1.664016e+02 -1.259246e+02 0
1.663986e+02 -1.252289e+02 0
1.663928e+02 -1.238374e+02 0
1.663884e+02 -1.227939e+02 0
1.663869e+02 -1.224461e+02 0
1.663855e+02 -1.220983e+02 0
1.663840e+02 -1.217505e+02 0
1.663826e+02 -1.214027e+02 0
1.663709e+02 -1.186207e+02 0
1.663694e+02 -1.182730e+02 0
1.663679e+02 -1.179253e+02 0
1.663665e+02 -1.175776e+02 0
1.663650e+02 -1.172299e+02 0
1.663635e+02 -1.168822e+02 0
1.663621e+02 -1.165345e+02 0
1.663606e+02 -1.161869e+02 0
1.663592e+02 -1.158392e+02 0
1.663548e+02 -1.147963e+02 0
1.663533e+02 -1.144487e+02 0
1.663504e+02 -1.137534e+02 0
1.663489e+02 -1.134059e+02 0
1.663475e+02 -1.130583e+02 0
1.663460e+02 -1.127107e+02 0
1.663445e+02 -1.123631e+02 0
1.663431e+02 -1.120155e+02 0
1.663416e+02 -1.116680e+02 0
1.663402e+02 -1.113204e+02 0
1.663387e+02 -1.109729e+02 0
1.663372e+02 -1.106254e+02 0
1.663358e+02 -1.102779e+02 0
1.663343e+02 -1.099303e+02 0
1.663329e+02 -1.095828e+02 0
1.663314e+02 -1.092353e+02 0
1.663299e+02 -1.088879e+02 0
1.663285e+02 -1.085404e+02 0
1.663270e+02 -1.081929e+02 0
1.663255e+02 -1.078454e+02 0
1.663241e+02 -1.074980e+02 0
1.663226e+02 -1.071505e+02 0
1.663212e+02 -1.068031e+02 0
1.663197e+02 -1.064557e+02 0
1.663182e+02 -1.061083e+02 0
1.663168e+02 -1.057608e+02 0
1.663153e+02 -1.054134e+02 0
1.663139e+02 -1.050660e+02 0
1.663124e+02 -1.047187e+02 0
1.663109e+02 -1.043713e+02 0
1.663095e+02 -1.040239e+02 0
1.663080e+02 -1.036766e+02 0
1.663066e+02 -1.033292e+02 0
1.663051e+02 -1.029819e+02 0
1.663036e+02 -1.026345e+02 0
1.663022e+02 -1.022872e+02 0
1.662978e+02 -1.012453e+02 0
1.662963e+02 -1.008980e+02 0
1.662934e+02 -1.002034e+02 0
1.662919e+02 -9.985613e+01 0
1.662905e+02 -9.950887e+01 0
1.662890e+02 -9.916162e+01 0
1.662876e+02 -9.881437e+01 0
1.662861e+02 -9.846714e+01 0
1.662846e+02 -9.811991e+01 0
1.662817e+02 -9.742548e+01 0
1.662803e+02 -9.707828e+01 0
1.662773e+02 -9.638390e+01 0
1.662759e+02 -9.603673e+01 0
1.662744e+02 -9.568956e+01 0
1.662730e+02 -9.534240e+01 0
1.662715e+02 -9.499525e+01 0
1.662700e+02 -9.464810e+01 0
1.662686e+02 -9.430097e+01 0
1.662657e+02 -9.360672e+01 0
1.662642e+02 -9.325961e+01 0
1.662627e+02 -9.291251e+01 0
1.662613e+02 -9.256542e+01 0
1.662598e+02 -9.221834e+01 0
1.662584e+02 -9.187126e+01 0
1.662569e+02 -9.152419e+01 0
1.662555e+02 -9.117713e+01 0
1.662540e+02 -9.083008e+01 0
1.662511e+02 -9.013601e+01 0
1.662496e+02 -8.978898e+01 0
1.662482e+02 -8.944196e+01 0
1.662467e+02 -8.909496e+01 0
1.662452e+02 -8.874796e+01 0
1.662438e+02 -8.840096e+01 0
1.662423e+02 -8.805398e+01 0
1.662394e+02 -8.736004e+01 0
1.662379e+02 -8.701308e+01 0
1.662365e+02 -8.666613e+01 0
1.662350e+02 -8.631919e+01 0
1.662336e+02 -8.597226e+01 0
1.662292e+02 -8.493151e+01 0
1.662277e+02 -8.458461e+01 0
1.662263e+02 -8.423772e+01 0
1.662248e+02 -8.389083e+01 0
1.662234e+02 -8.354396e+01 0
1.662219e+02 -8.319709e+01 0
1.662204e+02 -8.285023e+01 0
1.662190e+02 -8.250338e+01 0
1.662175e+02 -8.215654e+01 0
1.662161e+02 -8.180971e+01 0
1.662146e+02 -8.146289e+01 0
1.662102e+02 -8.042247e+01 0
1.662088e+02 -8.007567e+01 0
1.662073e+02 -7.972889e+01 0
1.662059e+02 -7.938212e+01 0
1.662044e+02 -7.903535e+01 0
1.660893e+02 -5.166735e+01 0
1.660878e+02 -5.132125e+01 0
1.660864e+02 -5.097517e+01 0
1.660849e+02 -5.062909e+01 0
1.660835e+02 -5.028302e+01 0
1.660820e+02 -4.993696e+01 0
1.660806e+02 -4.959090e+01 0
1.660791e+02 -4.924486e+01 0
1.660777e+02 -4.889882e+01 0
1.660762e+02 -4.855279e+01 0
1.660748e+02 -4.820677e+01 0
1.660733e+02 -4.786076e+01 0
1.660718e+02 -4.751475e+01 0
1.660704e+02 -4.716876e+01 0
1.660689e+02 -4.682277e+01 0
1.660675e+02 -4.647679e+01 0
1.660660e+02 -4.613082e+01 0
1.660646e+02 -4.578486e+01 0
1.660631e+02 -4.543891e+01 0
1.660602e+02 -4.474702e+01 0
1.660587e+02 -4.440110e+01 0
1.660573e+02 -4.405518e+01 0
1.660558e+02 -4.370926e+01 0
1.660544e+02 -4.336336e+01 0
1.660529e+02 -4.301747e+01 0
1.660515e+02 -4.267158e+01 0
1.660486e+02 -4.197983e+01 0
1.660471e+02 -4.163397e+01 0
1.660442e+02 -4.094227e+01 0
1.660427e+02 -4.059643e+01 0
1.660413e+02 -4.025060e+01 0
1.660398e+02 -3.990478e+01 0
1.660369e+02 -3.921317e+01 0
1.660355e+02 -3.886737e+01 0
1.660340e+02 -3.852159e+01 0
1.660326e+02 -3.817581e+01 0
1.660311e+02 -3.783004e+01 0
1.660297e+02 -3.748428e+01 0
1.660282e+02 -3.713853e+01 0
1.660253e+02 -3.644704e+01 0
1.660238e+02 -3.610132e+01 0
1.660224e+02 -3.575560e+01 0
1.660209e+02 -3.540988e+01 0
1.660195e+02 -3.506418e+01 0
1.660166e+02 -3.437280e+01 0
1.660151e+02 -3.402712e+01 0
1.660137e+02 -3.368145e+01 0
1.660093e+02 -3.264449e+01 0
1.660079e+02 -3.229886e+01 0
1.660035e+02 -3.126200e+01 0
1.660006e+02 -3.057080e+01 0
1.659817e+02 -2.607883e+01 0
1.656485e+02 5.316214e+01 0
1.656470e+02 5.350570e+01 0
1.656456e+02 5.384926e+01 0
1.656441e+02 5.419282e+01 0
1.656427e+02 5.453636e+01 0
1.656413e+02 5.487989e+01 0
1.656398e+02 5.522342e+01 0
1.656384e+02 5.556694e+01 0
1.656369e+02 5.591045e+01 0
1.656355e+02 5.625395e+01 0
1.656340e+02 5.659745e+01 0
1.656326e+02 5.694093e+01 0
1.656311e+02 5.728441e+01 0
1.656297e+02 5.762788e+01 0
1.656283e+02 5.797134e+01 0
1.656268e+02 5.831479e+01 0
1.656254e+02 5.865824e+01 0
1.656239e+02 5.900167e+01 0
1.656225e+02 5.934510e+01 0
1.656210e+02 5.968852e+01 0
1.656196e+02 6.003193e+01 0
1.656181e+02 6.037533e+01 0
1.656167e+02 6.071873e+01 0
1.656153e+02 6.106211e+01 0
1.656138e+02 6.140549e+01 0
1.656124e+02 6.174886e+01 0
1.656109e+02 6.209222e+01 0
1.656095e+02 6.243558e+01 0
1.656080e+02 6.277892e+01 0
1.656066e+02 6.312226e+01 0
1.656051e+02 6.346559e+01 0
1.656037e+02 6.380891e+01 0
1.656023e+02 6.415222e+01 0
1.656008e+02 6.449552e+01 0
1.655994e+02 6.483882e+01 0
1.655979e+02 6.518211e+01 0
1.655965e+02 6.552539e+01 0
1.655950e+02 6.586866e+01 0
1.655936e+02 6.621192e+01 0
1.655922e+02 6.655517e+01 0
1.655907e+02 6.689842e+01 0
1.655878e+02 6.758489e+01 0
1.655864e+02 6.792811e+01 0
1.655849e+02 6.827132e+01 0
1.655835e+02 6.861453e+01 0
1.655821e+02 6.895772e+01 0
1.655777e+02 6.998726e+01 0
1.655763e+02 7.033043e+01 0
1.655748e+02 7.067358e+01 0
1.655734e+02 7.101673e+01 0
1.655719e+02 7.135987e+01 0
1.655705e+02 7.170300e+01 0
1.655691e+02 7.204612e+01 0
1.655676e+02 7.238923e+01 0
1.655647e+02 7.307544e+01 0
1.655518e+02 7.616294e+01 0
1.667627e+02 -1.262238e+02 0
1.667569e+02 -1.248327e+02 0
1.667554e+02 -1.244849e+02 0
1.667539e+02 -1.241371e+02 0
1.667510e+02 -1.234416e+02 0
1.667495e+02 -1.230939e+02 0
1.667407e+02 -1.210076e+02 0
1.667393e+02 -1.206600e+02 0
1.667378e+02 -1.203123e+02 0
1.667363e+02 -1.199646e+02 0
1.667349e+02 -1.196170e+02 0
1.667334e+02 -1.192693e+02 0
1.667319e+02 -1.189217e+02 0
1.667173e+02 -1.154458e+02 0
1.667158e+02 -1.150982e+02 0
1.667114e+02 -1.140556e+02 0
1.663767e+02 -3.469456e+01 0
1.663709e+02 -3.331223e+01 0
1.663694e+02 -3.296667e+01 0
1.663650e+02 -3.193004e+01 0
1.663636e+02 -3.158452e+01 0
1.663607e+02 -3.089349e+01 0
1.663577e+02 -3.020250e+01 0
1.663563e+02 -2.985701e+01 0
1.663548e+02 -2.951153e+01 0
1.663534e+02 -2.916607e+01 0
1.663519e+02 -2.882061e+01 0
1.663505e+02 -2.847515e+01 0
1.663490e+02 -2.812971e+01 0
1.663475e+02 -2.778428e+01 0
1.663461e+02 -2.743885e+01 0
1.663446e+02 -2.709343e+01 0
1.663432e+02 -2.674802e+01 0
1.663417e+02 -2.640262e+01 0
1.662282e+02 5.130391e-01 0
1.662253e+02 1.202519e+00 0
1.662209e+02 2.236676e+00 0
1.661962e+02 8.095489e+00 0
1.661948e+02 8.440050e+00 0
1.661933e+02 8.784603e+00 0
1.661918e+02 9.129148e+00 0
1.661904e+02 9.473684e+00 0
1.661817e+02 1.154073e+01 0
1.661701e+02 1.429632e+01 0
1.661686e+02 1.464073e+01 0
1.661628e+02 1.601830e+01 0
1.661613e+02 1.636267e+01 0
1.661599e+02 1.670703e+01 0
1.661584e+02 1.705138e+01 0
1.661555e+02 1.774007e+01 0
1.661541e+02 1.808440e+01 0
1.661526e+02 1.842872e+01 0
1.661497e+02 1.911733e+01 0
1.661483e+02 1.946163e+01 0
1.661468e+02 1.980592e+01 0
1.661454e+02 2.015020e+01 0
1.661439e+02 2.049447e+01 0
1.661425e+02 2.083873e+01 0
1.661410e+02 2.118298e+01 0
1.661396e+02 2.152723e+01 0
1.661381e+02 2.187147e+01 0
1.661367e+02 2.221570e+01 0
1.661352e+02 2.255992e+01 0
1.661337e+02 2.290413e+01 0
1.661323e+02 2.324833e+01 0
1.661308e+02 2.359253e+01 0
1.661294e+02 2.393672e+01 0
1.661279e+02 2.428090e+01 0
1.661265e+02 2.462507e+01 0
1.661250e+02 2.496923e+01 0
1.661236e+02 2.531339e+01 0
1.661221e+02 2.565753e+01 0
1.661207e+02 2.600167e+01 0
1.661192e+02 2.634580e+01 0
1.661178e+02 2.668992e+01 0
1.665848e+02 8.721231e-01 0
1.665819e+02 1.561401e+00 0
1.665775e+02 2.595255e+00 0
1.665760e+02 2.939856e+00 0
1.665746e+02 3.284449e+00 0
1.665731e+02 3.629034e+00 0
1.665717e+02 3.973611e+00 0
1.665702e+02 4.318179e+00 0
1.665688e+02 4.662739e+00 0
1.665673e+02 5.007291e+00 0
1.665658e+02 5.351834e+00 0
1.665644e+02 5.696369e+00 0
1.665629e+02 6.040896e+00 0
1.665615e+02 6.385414e+00 0
1.665600e+02 6.729924e+00 0
1.665585e+02 7.074426e+00 0
1.665571e+02 7.418920e+00 0
1.665556e+02 7.763405e+00 0
1.665469e+02 9.830142e+00 0
1.665454e+02 1.017457e+01 0
1.665440e+02 1.051899e+01 0
1.665425e+02 1.086340e+01 0
1.665411e+02 1.120780e+01 0
1.665382e+02 1.189658e+01 0
1.665367e+02 1.224096e+01 0
1.665352e+02 1.258533e+01 0
1.665338e+02 1.292969e+01 0
1.665323e+02 1.327404e+01 0
1.665309e+02 1.361838e+01 0
1.665294e+02 1.396272e+01 0
1.665250e+02 1.499568e+01 0
1.665236e+02 1.533998e+01 0
1.665221e+02 1.568428e+01 0
1.665148e+02 1.740562e+01 0
1.665090e+02 1.878255e+01 0
