2.626334e+01 1.157710e+02 5.624097e+02
2.626258e+01 1.161323e+02 5.623935e+02
2.626182e+01 1.164935e+02 5.623772e+02
2.626107e+01 1.168546e+02 5.623610e+02
2.626030e+01 1.172159e+02 5.623448e+02
2.625954e+01 1.175770e+02 5.623285e+02
2.625879e+01 1.179381e+02 5.623123e+02
2.625803e+01 1.182992e+02 5.622961e+02
2.625727e+01 1.186603e+02 5.622798e+02
2.625424e+01 1.201045e+02 5.622149e+02
2.625348e+01 1.204654e+02 5.621987e+02
2.625272e+01 1.208263e+02 5.621825e+02
2.625197e+01 1.211873e+02 5.621662e+02
2.625121e+01 1.215482e+02 5.621500e+02
2.625045e+01 1.219091e+02 5.621338e+02
2.624969e+01 1.222700e+02 5.621176e+02
2.624893e+01 1.226308e+02 5.621013e+02
2.624818e+01 1.229916e+02 5.620851e+02
2.624742e+01 1.233525e+02 5.620689e+02
2.624666e+01 1.237133e+02 5.620527e+02
2.624591e+01 1.240740e+02 5.620364e+02
2.624514e+01 1.244348e+02 5.620202e+02
2.624439e+01 1.247955e+02 5.620040e+02
2.624363e+01 1.251562e+02 5.619878e+02
2.624288e+01 1.255169e+02 5.619716e+02
2.624212e+01 1.258776e+02 5.619554e+02
2.624137e+01 1.262382e+02 5.619391e+02
2.624060e+01 1.265989e+02 5.619229e+02
2.623985e+01 1.269594e+02 5.619067e+02
2.623909e+01 1.273201e+02 5.618905e+02
2.623834e+01 1.276806e+02 5.618743e+02
2.623758e+01 1.280411e+02 5.618581e+02
2.623682e+01 1.284017e+02 5.618419e+02
2.623606e+01 1.287622e+02 5.618257e+02
2.623531e+01 1.291226e+02 5.618095e+02
2.623455e+01 1.294831e+02 5.617933e+02
2.623380e+01 1.298436e+02 5.617771e+02
2.623228e+01 1.305644e+02 5.617447e+02
2.623152e+01 1.309247e+02 5.617285e+02
2.623077e+01 1.312851e+02 5.617122e+02
2.623001e+01 1.316455e+02 5.616961e+02
2.622774e+01 1.327263e+02 5.616475e+02
2.622699e+01 1.330865e+02 5.616313e+02
2.622622e+01 1.334468e+02 5.616151e+02
2.622547e+01 1.338070e+02 5.615989e+02
2.622472e+01 1.341672e+02 5.615827e+02
2.622396e+01 1.345274e+02 5.615665e+02
2.622320e+01 1.348875e+02 5.615503e+02
2.622245e+01 1.352476e+02 5.615341e+02
2.622169e+01 1.356078e+02 5.615179e+02
2.622094e+01 1.359678e+02 5.615017e+02
2.622017e+01 1.363278e+02 5.614855e+02
2.621942e+01 1.366880e+02 5.614694e+02
2.621867e+01 1.370479e+02 5.614532e+02
2.621791e+01 1.374079e+02 5.614370e+02
2.621715e+01 1.377679e+02 5.614208e+02
2.621640e+01 1.381279e+02 5.614046e+02
2.621565e+01 1.384879e+02 5.613884e+02
2.621489e+01 1.388478e+02 5.613723e+02
2.621413e+01 1.392076e+02 5.613561e+02
2.621338e+01 1.395676e+02 5.613399e+02
2.621262e+01 1.399274e+02 5.613237e+02
2.621187e+01 1.402872e+02 5.613075e+02
2.621111e+01 1.406471e+02 5.612914e+02
2.621036e+01 1.410068e+02 5.612752e+02
2.620884e+01 1.417264e+02 5.612428e+02
2.620809e+01 1.420861e+02 5.612267e+02
2.620734e+01 1.424458e+02 5.612105e+02
2.620658e+01 1.428055e+02 5.611943e+02
2.620582e+01 1.431651e+02 5.611782e+02
2.620356e+01 1.442440e+02 5.611296e+02
2.620280e+01 1.446037e+02 5.611135e+02
2.620205e+01 1.449632e+02 5.610973e+02
2.620129e+01 1.453227e+02 5.610812e+02
2.666533e+01 9.840642e+01 5.631844e+02
2.666456e+01 9.876866e+01 5.631681e+02
2.666379e+01 9.913089e+01 5.631518e+02
2.666302e+01 9.949302e+01 5.631356e+02
2.666225e+01 9.985526e+01 5.631193e+02
2.666148e+01 1.002174e+02 5.631030e+02
2.666071e+01 1.005795e+02 5.630867e+02
2.665994e+01 1.009416e+02 5.630704e+02
2.665917e+01 1.013037e+02 5.630542e+02
2.665840e+01 1.016657e+02 5.630379e+02
2.665763e+01 1.020278e+02 5.630216e+02
2.665686e+01 1.023898e+02 5.630053e+02
2.665609e+01 1.027518e+02 5.629891e+02
2.665531e+01 1.031138e+02 5.629728e+02
2.665454e+01 1.034757e+02 5.629565e+02
2.665377e+01 1.038376e+02 5.629402e+02
2.665300e+01 1.041996e+02 5.629240e+02
2.665223e+01 1.045615e+02 5.629077e+02
2.665146e+01 1.049233e+02 5.628914e+02
2.665069e+01 1.052852e+02 5.628752e+02
2.664992e+01 1.056470e+02 5.628589e+02
2.664915e+01 1.060088e+02 5.628426e+02
2.664839e+01 1.063707e+02 5.628264e+02
2.664762e+01 1.067324e+02 5.628101e+02
2.664684e+01 1.070941e+02 5.627938e+02
2.664607e+01 1.074559e+02 5.627776e+02
2.664530e+01 1.078176e+02 5.627613e+02
2.664453e+01 1.081792e+02 5.627451e+02
2.664376e+01 1.085410e+02 5.627288e+02
2.664299e+01 1.089026e+02 5.627125e+02
2.664223e+01 1.092642e+02 5.626963e+02
2.664146e+01 1.096258e+02 5.626800e+02
2.664068e+01 1.099874e+02 5.626638e+02
2.663991e+01 1.103489e+02 5.626475e+02
2.663914e+01 1.107105e+02 5.626313e+02
2.663837e+01 1.110720e+02 5.626150e+02
2.663761e+01 1.114334e+02 5.625988e+02
2.663684e+01 1.117950e+02 5.625825e+02
2.663607e+01 1.121564e+02 5.625663e+02
2.663529e+01 1.125178e+02 5.625500e+02
2.663452e+01 1.128793e+02 5.625338e+02
2.663376e+01 1.132406e+02 5.625175e+02
2.663299e+01 1.136020e+02 5.625013e+02
2.663222e+01 1.139634e+02 5.624850e+02
2.663145e+01 1.143247e+02 5.624688e+02
2.663069e+01 1.146861e+02 5.624525e+02
2.662991e+01 1.150473e+02 5.624363e+02
2.662914e+01 1.154086e+02 5.624200e+02
2.662145e+01 1.190201e+02 5.622577e+02
2.662069e+01 1.193811e+02 5.622415e+02
2.661992e+01 1.197421e+02 5.622252e+02
2.659765e+01 1.302026e+02 5.617550e+02
2.659382e+01 1.320043e+02 5.616739e+02
2.659305e+01 1.323647e+02 5.616577e+02
2.657389e+01 1.413652e+02 5.612531e+02
2.656930e+01 1.435233e+02 5.611561e+02
2.656854e+01 1.438829e+02 5.611399e+02
2.712971e+01 5.259679e+01 5.652379e+02
2.712814e+01 5.332645e+01 5.652051e+02
2.712499e+01 5.478568e+01 5.651395e+02
2.712342e+01 5.551524e+01 5.651067e+02
2.712263e+01 5.587987e+01 5.650903e+02
2.712184e+01 5.624460e+01 5.650739e+02
2.712106e+01 5.660923e+01 5.650575e+02
2.712027e+01 5.697396e+01 5.650411e+02
2.711948e+01 5.733850e+01 5.650247e+02
2.711791e+01 5.806776e+01 5.649919e+02
2.711634e+01 5.879682e+01 5.649592e+02
2.711476e+01 5.952588e+01 5.649264e+02
2.711397e+01 5.989031e+01 5.649100e+02
2.711320e+01 6.025474e+01 5.648936e+02
2.711241e+01 6.061918e+01 5.648772e+02
2.711162e+01 6.098361e+01 5.648608e+02
2.711083e+01 6.134804e+01 5.648445e+02
2.711005e+01 6.171237e+01 5.648281e+02
2.710926e+01 6.207670e+01 5.648117e+02
2.710847e+01 6.244103e+01 5.647953e+02
2.710768e+01 6.280536e+01 5.647789e+02
2.710691e+01 6.316970e+01 5.647626e+02
2.710612e+01 6.353393e+01 5.647462e+02
2.710533e+01 6.389816e+01 5.647298e+02
2.710455e+01 6.426239e+01 5.647134e+02
2.710376e+01 6.462662e+01 5.646971e+02
2.710297e+01 6.499075e+01 5.646807e+02
2.710218e+01 6.535498e+01 5.646643e+02
2.710140e+01 6.571912e+01 5.646480e+02
2.710061e+01 6.608325e+01 5.646316e+02
2.709982e+01 6.644728e+01 5.646152e+02
2.709905e+01 6.681141e+01 5.645988e+02
2.709826e+01 6.717544e+01 5.645825e+02
2.709748e+01 6.753947e+01 5.645661e+02
2.709669e+01 6.790351e+01 5.645497e+02
2.709590e+01 6.826744e+01 5.645334e+02
2.709512e+01 6.863147e+01 5.645170e+02
2.709433e+01 6.899540e+01 5.645007e+02
2.709354e+01 6.935933e+01 5.644843e+02
2.709276e+01 6.972326e+01 5.644679e+02
2.709197e+01 7.008710e+01 5.644516e+02
2.709119e+01 7.045103e+01 5.644352e+02
2.709040e+01 7.081486e+01 5.644189e+02
2.790145e+01 -1.325332e+02 5.735546e+02
2.789735e+01 -1.306549e+02 5.734702e+02
2.789488e+01 -1.295282e+02 5.734195e+02
2.789159e+01 -1.280263e+02 5.733520e+02
2.788913e+01 -1.269000e+02 5.733014e+02
2.788831e+01 -1.265247e+02 5.732845e+02
2.788585e+01 -1.253987e+02 5.732339e+02
2.788503e+01 -1.250234e+02 5.732170e+02
2.788421e+01 -1.246482e+02 5.732002e+02
2.788339e+01 -1.242729e+02 5.731833e+02
2.788174e+01 -1.235225e+02 5.731496e+02
2.787929e+01 -1.223971e+02 5.730990e+02
2.787846e+01 -1.220220e+02 5.730821e+02
2.787764e+01 -1.216469e+02 5.730652e+02
2.787683e+01 -1.212718e+02 5.730484e+02
2.787601e+01 -1.208968e+02 5.730315e+02
2.787518e+01 -1.205218e+02 5.730147e+02
2.787436e+01 -1.201468e+02 5.729978e+02
2.787354e+01 -1.197718e+02 5.729809e+02
2.787272e+01 -1.193969e+02 5.729641e+02
2.787191e+01 -1.190219e+02 5.729472e+02
2.787108e+01 -1.186470e+02 5.729304e+02
2.787026e+01 -1.182722e+02 5.729135e+02
2.786944e+01 -1.178973e+02 5.728967e+02
2.786781e+01 -1.171476e+02 5.728630e+02
2.786699e+01 -1.167728e+02 5.728461e+02
2.786617e+01 -1.163981e+02 5.728293e+02
2.786534e+01 -1.160233e+02 5.728124e+02
2.786452e+01 -1.156486e+02 5.727956e+02
2.786370e+01 -1.152739e+02 5.727787e+02
2.786289e+01 -1.148992e+02 5.727619e+02
2.786207e+01 -1.145245e+02 5.727450e+02
2.786125e+01 -1.141499e+02 5.727282e+02
2.786043e+01 -1.137753e+02 5.727114e+02
2.785961e+01 -1.134007e+02 5.726945e+02
2.785879e+01 -1.130261e+02 5.726777e+02
2.785798e+01 -1.126516e+02 5.726608e+02
2.785716e+01 -1.122770e+02 5.726440e+02
2.785634e+01 -1.119025e+02 5.726272e+02
2.785551e+01 -1.115280e+02 5.726103e+02
2.785469e+01 -1.111536e+02 5.725935e+02
2.785387e+01 -1.107791e+02 5.725767e+02
2.785305e+01 -1.104047e+02 5.725598e+02
2.785224e+01 -1.100303e+02 5.725430e+02
2.785142e+01 -1.096559e+02 5.725262e+02
2.785060e+01 -1.092816e+02 5.725093e+02
2.784978e+01 -1.089073e+02 5.724925e+02
2.784896e+01 -1.085330e+02 5.724757e+02
2.784814e+01 -1.081587e+02 5.724589e+02
2.784732e+01 -1.077844e+02 5.724420e+02
2.784650e+01 -1.074102e+02 5.724252e+02
2.784570e+01 -1.070359e+02 5.724084e+02
2.784488e+01 -1.066617e+02 5.723916e+02
2.784406e+01 -1.062876e+02 5.723747e+02
2.784324e+01 -1.059134e+02 5.723579e+02
2.784242e+01 -1.055393e+02 5.723411e+02
2.784160e+01 -1.051652e+02 5.723243e+02
2.784078e+01 -1.047911e+02 5.723075e+02
2.783996e+01 -1.044170e+02 5.722906e+02
2.783914e+01 -1.040430e+02 5.722738e+02
2.783832e+01 -1.036689e+02 5.722570e+02
2.783751e+01 -1.032949e+02 5.722402e+02
2.783669e+01 -1.029210e+02 5.722234e+02
2.783588e+01 -1.025470e+02 5.722066e+02
2.783506e+01 -1.021731e+02 5.721898e+02
2.783342e+01 -1.014253e+02 5.721561e+02
2.783260e+01 -1.010514e+02 5.721393e+02
2.783097e+01 -1.003037e+02 5.721057e+02
2.783015e+01 -9.992991e+01 5.720889e+02
2.782851e+01 -9.918236e+01 5.720553e+02
2.782769e+01 -9.880863e+01 5.720385e+02
2.782689e+01 -9.843491e+01 5.720217e+02
2.782607e+01 -9.806122e+01 5.720049e+02
2.782525e+01 -9.768754e+01 5.719881e+02
2.782443e+01 -9.731389e+01 5.719713e+02
2.776165e+01 -6.860858e+01 5.706808e+02
2.776084e+01 -6.823664e+01 5.706641e+02
2.776003e+01 -6.786472e+01 5.706474e+02
2.775921e+01 -6.749282e+01 5.706307e+02
2.775840e+01 -6.712094e+01 5.706139e+02
2.775758e+01 -6.674908e+01 5.705972e+02
2.775677e+01 -6.637725e+01 5.705805e+02
2.775596e+01 -6.600544e+01 5.705638e+02
2.775515e+01 -6.563364e+01 5.705471e+02
2.775434e+01 -6.526187e+01 5.705304e+02
2.775352e+01 -6.489012e+01 5.705137e+02
2.775270e+01 -6.451840e+01 5.704969e+02
2.775189e+01 -6.414670e+01 5.704802e+02
2.775108e+01 -6.377501e+01 5.704635e+02
2.775027e+01 -6.340335e+01 5.704468e+02
2.774946e+01 -6.303171e+01 5.704301e+02
2.774864e+01 -6.266009e+01 5.704134e+02
2.774783e+01 -6.228850e+01 5.703967e+02
2.774702e+01 -6.191692e+01 5.703800e+02
2.774621e+01 -6.154537e+01 5.703633e+02
2.774539e+01 -6.117384e+01 5.703466e+02
2.774458e+01 -6.080233e+01 5.703299e+02
2.774376e+01 -6.043085e+01 5.703132e+02
2.774295e+01 -6.005938e+01 5.702965e+02
2.774214e+01 -5.968794e+01 5.702798e+02
2.774133e+01 -5.931651e+01 5.702631e+02
2.774052e+01 -5.894512e+01 5.702464e+02
2.773970e+01 -5.857374e+01 5.702297e+02
2.773889e+01 -5.820238e+01 5.702130e+02
2.773808e+01 -5.783105e+01 5.701963e+02
2.773727e+01 -5.745973e+01 5.701796e+02
2.773646e+01 -5.708844e+01 5.701629e+02
2.773564e+01 -5.671717e+01 5.701462e+02
2.773483e+01 -5.634593e+01 5.701295e+02
2.773402e+01 -5.597470e+01 5.701129e+02
2.773321e+01 -5.560349e+01 5.700962e+02
2.773158e+01 -5.486115e+01 5.700628e+02
2.773077e+01 -5.449002e+01 5.700461e+02
2.772996e+01 -5.411889e+01 5.700294e+02
2.772915e+01 -5.374780e+01 5.700127e+02
2.772834e+01 -5.337672e+01 5.699961e+02
2.772752e+01 -5.300567e+01 5.699794e+02
2.772672e+01 -5.263465e+01 5.699627e+02
2.772591e+01 -5.226363e+01 5.699460e+02
2.772510e+01 -5.189265e+01 5.699293e+02
2.772428e+01 -5.152168e+01 5.699127e+02
2.772347e+01 -5.115074e+01 5.698960e+02
2.772266e+01 -5.077982e+01 5.698793e+02
2.772185e+01 -5.040892e+01 5.698626e+02
2.772103e+01 -5.003804e+01 5.698460e+02
2.772022e+01 -4.966718e+01 5.698293e+02
2.771942e+01 -4.929634e+01 5.698126e+02
2.771861e+01 -4.892554e+01 5.697959e+02
2.771698e+01 -4.818397e+01 5.697626e+02
2.770969e+01 -4.484801e+01 5.696126e+02
2.770320e+01 -4.188420e+01 5.694794e+02
2.757902e+01 1.490026e+01 5.669266e+02
2.751735e+01 4.310202e+01 5.656587e+02
2.751655e+01 4.346746e+01 5.656423e+02
2.751575e+01 4.383289e+01 5.656259e+02
2.751494e+01 4.419822e+01 5.656095e+02
2.751414e+01 4.456355e+01 5.655930e+02
2.751334e+01 4.492898e+01 5.655766e+02
2.751255e+01 4.529421e+01 5.655602e+02
2.751175e+01 4.565954e+01 5.655438e+02
2.751095e+01 4.602487e+01 5.655273e+02
2.751015e+01 4.639010e+01 5.655109e+02
2.750935e+01 4.675533e+01 5.654945e+02
2.750855e+01 4.712056e+01 5.654781e+02
2.750776e+01 4.748569e+01 5.654617e+02
2.750696e+01 4.785092e+01 5.654452e+02
2.750616e+01 4.821605e+01 5.654288e+02
2.750536e+01 4.858118e+01 5.654124e+02
2.750456e+01 4.894631e+01 5.653960e+02
2.750376e+01 4.931134e+01 5.653796e+02
2.750296e+01 4.967647e+01 5.653632e+02
2.750216e+01 5.004150e+01 5.653468e+02
2.750137e+01 5.040653e+01 5.653303e+02
2.750057e+01 5.077146e+01 5.653139e+02
2.749977e+01 5.113650e+01 5.652975e+02
2.749897e+01 5.150143e+01 5.652811e+02
2.749818e+01 5.186636e+01 5.652647e+02
2.749738e+01 5.223129e+01 5.652483e+02
2.749578e+01 5.296105e+01 5.652155e+02
2.749419e+01 5.369081e+01 5.651827e+02
2.749339e+01 5.405554e+01 5.651663e+02
2.749259e+01 5.442037e+01 5.651499e+02
2.749099e+01 5.514993e+01 5.651171e+02
2.748542e+01 5.770255e+01 5.650023e+02
2.748382e+01 5.843171e+01 5.649696e+02
2.748222e+01 5.916078e+01 5.649368e+02
2.830205e+01 -1.453186e+02 5.741233e+02
2.830121e+01 -1.449422e+02 5.741064e+02
2.830037e+01 -1.445657e+02 5.740895e+02
2.829954e+01 -1.441893e+02 5.740726e+02
2.829871e+01 -1.438129e+02 5.740556e+02
2.829787e+01 -1.434366e+02 5.740387e+02
2.829704e+01 -1.430602e+02 5.740218e+02
2.829620e+01 -1.426839e+02 5.740049e+02
2.829537e+01 -1.423076e+02 5.739880e+02
2.829454e+01 -1.419314e+02 5.739710e+02
2.829370e+01 -1.415551e+02 5.739541e+02
2.829287e+01 -1.411789e+02 5.739372e+02
2.829204e+01 -1.408027e+02 5.739203e+02
2.829120e+01 -1.404265e+02 5.739034e+02
2.829037e+01 -1.400503e+02 5.738865e+02
2.828953e+01 -1.396742e+02 5.738696e+02
2.828870e+01 -1.392981e+02 5.738527e+02
2.828787e+01 -1.389220e+02 5.738358e+02
2.828704e+01 -1.385459e+02 5.738189e+02
2.828620e+01 -1.381699e+02 5.738019e+02
2.828536e+01 -1.377938e+02 5.737850e+02
2.828454e+01 -1.374178e+02 5.737681e+02
2.828370e+01 -1.370418e+02 5.737512e+02
2.828287e+01 -1.366659e+02 5.737343e+02
2.828203e+01 -1.362900e+02 5.737174e+02
2.828120e+01 -1.359140e+02 5.737005e+02
2.828037e+01 -1.355381e+02 5.736836e+02
2.827954e+01 -1.351623e+02 5.736667e+02
2.827870e+01 -1.347864e+02 5.736498e+02
2.827787e+01 -1.344106e+02 5.736329e+02
2.827703e+01 -1.340348e+02 5.736161e+02
2.827621e+01 -1.336590e+02 5.735992e+02
2.827537e+01 -1.332832e+02 5.735823e+02
2.827454e+01 -1.329075e+02 5.735654e+02
2.827287e+01 -1.321561e+02 5.735316e+02
2.827204e+01 -1.317804e+02 5.735147e+02
2.827121e+01 -1.314048e+02 5.734978e+02
2.827038e+01 -1.310291e+02 5.734809e+02
2.826871e+01 -1.302779e+02 5.734472e+02
2.826788e+01 -1.299024e+02 5.734303e+02
2.826622e+01 -1.291513e+02 5.733965e+02
2.826539e+01 -1.287758e+02 5.733796e+02
2.826455e+01 -1.284003e+02 5.733628e+02
2.826288e+01 -1.276495e+02 5.733290e+02
2.826205e+01 -1.272741e+02 5.733121e+02
2.825956e+01 -1.261480e+02 5.732615e+02
2.825873e+01 -1.257726e+02 5.732446e+02
2.825291e+01 -1.231460e+02 5.731265e+02
2.824044e+01 -1.175212e+02 5.728737e+02
2.808760e+01 -4.855422e+01 5.697732e+02
2.808595e+01 -4.781271e+01 5.697399e+02
2.808513e+01 -4.744199e+01 5.697232e+02
2.808432e+01 -4.707129e+01 5.697065e+02
2.808349e+01 -4.670061e+01 5.696899e+02
2.808267e+01 -4.632995e+01 5.696732e+02
2.808185e+01 -4.595932e+01 5.696565e+02
2.808103e+01 -4.558870e+01 5.696399e+02
2.808021e+01 -4.521811e+01 5.696232e+02
2.807856e+01 -4.447699e+01 5.695899e+02
2.807774e+01 -4.410646e+01 5.695732e+02
2.807692e+01 -4.373596e+01 5.695566e+02
2.807610e+01 -4.336547e+01 5.695399e+02
2.807528e+01 -4.299501e+01 5.695233e+02
2.807446e+01 -4.262457e+01 5.695066e+02
2.807364e+01 -4.225415e+01 5.694900e+02
2.807199e+01 -4.151338e+01 5.694567e+02
2.807118e+01 -4.114302e+01 5.694400e+02
2.800812e+01 -1.269064e+01 5.681609e+02
2.800649e+01 -1.195332e+01 5.681278e+02
2.800567e+01 -1.158469e+01 5.681112e+02
2.800485e+01 -1.121608e+01 5.680946e+02
2.800404e+01 -1.084750e+01 5.680781e+02
2.800322e+01 -1.047894e+01 5.680615e+02
2.800240e+01 -1.011039e+01 5.680449e+02
2.800158e+01 -9.741876e+00 5.680284e+02
2.800077e+01 -9.373379e+00 5.680118e+02
2.799995e+01 -9.004902e+00 5.679952e+02
2.799913e+01 -8.636445e+00 5.679787e+02
2.799832e+01 -8.268008e+00 5.679621e+02
2.799750e+01 -7.899601e+00 5.679455e+02
2.799669e+01 -7.531203e+00 5.679290e+02
2.799587e+01 -7.162836e+00 5.679124e+02
2.799506e+01 -6.794489e+00 5.678959e+02
2.799424e+01 -6.426162e+00 5.678793e+02
2.799342e+01 -6.057854e+00 5.678627e+02
2.799261e+01 -5.689577e+00 5.678462e+02
2.799179e+01 -5.321310e+00 5.678296e+02
2.799098e+01 -4.953072e+00 5.678131e+02
2.799016e+01 -4.584855e+00 5.677965e+02
2.798934e+01 -4.216657e+00 5.677800e+02
2.798853e+01 -3.848480e+00 5.677634e+02
2.798771e+01 -3.480323e+00 5.677469e+02
2.798690e+01 -3.112185e+00 5.677303e+02
2.798608e+01 -2.744078e+00 5.677138e+02
2.798445e+01 -2.007912e+00 5.676807e+02
2.798363e+01 -1.639865e+00 5.676641e+02
2.798281e+01 -1.271837e+00 5.676476e+02
2.798200e+01 -9.038397e-01 5.676310e+02
2.798118e+01 -5.358521e-01 5.676145e+02
2.798037e+01 -1.678944e-01 5.675980e+02
2.797955e+01 2.000533e-01 5.675814e+02
2.797873e+01 5.679709e-01 5.675649e+02
2.797793e+01 9.358687e-01 5.675483e+02
2.797711e+01 1.303736e+00 5.675318e+02
2.797629e+01 1.671594e+00 5.675153e+02
2.797548e+01 2.039432e+00 5.674987e+02
2.797466e+01 2.407240e+00 5.674822e+02
2.797384e+01 2.775058e+00 5.674657e+02
2.797303e+01 3.142785e+00 5.674491e+02
2.797221e+01 3.510513e+00 5.674326e+02
2.797140e+01 3.878241e+00 5.674161e+02
2.797059e+01 4.245969e+00 5.673995e+02
2.796977e+01 4.613697e+00 5.673830e+02
2.796896e+01 4.981325e+00 5.673665e+02
2.796814e+01 5.348953e+00 5.673499e+02
2.796733e+01 5.716581e+00 5.673334e+02
2.796652e+01 6.084209e+00 5.673169e+02
2.796570e+01 6.451737e+00 5.673004e+02
2.796488e+01 6.819265e+00 5.672838e+02
2.796407e+01 7.186893e+00 5.672673e+02
2.796326e+01 7.554321e+00 5.672508e+02
2.796244e+01 7.921849e+00 5.672343e+02
2.796162e+01 8.289278e+00 5.672178e+02
2.796081e+01 8.656806e+00 5.672012e+02
2.796000e+01 9.024234e+00 5.671847e+02
2.795918e+01 9.391562e+00 5.671682e+02
2.795837e+01 9.758990e+00 5.671517e+02
2.795755e+01 1.012632e+01 5.671352e+02
2.795674e+01 1.049365e+01 5.671187e+02
2.795593e+01 1.086098e+01 5.671021e+02
2.795511e+01 1.122830e+01 5.670856e+02
2.795430e+01 1.159553e+01 5.670691e+02
2.795349e+01 1.196286e+01 5.670526e+02
2.795267e+01 1.233009e+01 5.670361e+02
2.795186e+01 1.269732e+01 5.670196e+02
2.795104e+01 1.306445e+01 5.670031e+02
2.795023e+01 1.343167e+01 5.669866e+02
2.794942e+01 1.379880e+01 5.669701e+02
2.794860e+01 1.416593e+01 5.669536e+02
2.794779e+01 1.453306e+01 5.669371e+02
2.837604e+01 -1.232184e+01 5.681383e+02
2.835371e+01 -2.375961e+00 5.676912e+02
