1.001729e+02 6.518700e+01 4.776119e+02
1.004823e+02 6.518650e+01 4.776079e+02
1.007917e+02 6.518590e+01 4.776039e+02
1.011011e+02 6.518540e+01 4.775999e+02
1.014105e+02 6.518481e+01 4.775959e+02
1.017198e+02 6.518431e+01 4.775919e+02
1.023386e+02 6.518321e+01 4.775839e+02
1.029572e+02 6.518212e+01 4.775759e+02
1.032666e+02 6.518152e+01 4.775719e+02
1.035760e+02 6.518102e+01 4.775679e+02
1.038853e+02 6.518042e+01 4.775639e+02
1.041947e+02 6.517993e+01 4.775599e+02
1.045039e+02 6.517933e+01 4.775559e+02
1.048133e+02 6.517883e+01 4.775519e+02
1.051226e+02 6.517823e+01 4.775479e+02
1.054320e+02 6.517774e+01 4.775439e+02
1.057413e+02 6.517714e+01 4.775399e+02
1.060505e+02 6.517664e+01 4.775359e+02
1.063598e+02 6.517604e+01 4.775319e+02
1.066691e+02 6.517554e+01 4.775279e+02
1.069784e+02 6.517495e+01 4.775239e+02
1.072876e+02 6.517445e+01 4.775199e+02
1.075969e+02 6.517385e+01 4.775159e+02
1.079062e+02 6.517335e+01 4.775119e+02
1.082155e+02 6.517285e+01 4.775079e+02
1.085248e+02 6.517226e+01 4.775039e+02
1.088340e+02 6.517176e+01 4.774999e+02
1.091432e+02 6.517116e+01 4.774959e+02
1.094525e+02 6.517066e+01 4.774919e+02
1.097618e+02 6.517006e+01 4.774879e+02
1.100710e+02 6.516957e+01 4.774839e+02
1.103802e+02 6.516897e+01 4.774799e+02
1.106894e+02 6.516847e+01 4.774759e+02
1.119263e+02 6.516628e+01 4.774599e+02
1.122355e+02 6.516568e+01 4.774559e+02
1.128539e+02 6.516458e+01 4.774479e+02
1.134722e+02 6.516349e+01 4.774399e+02
1.137814e+02 6.516299e+01 4.774359e+02
1.143998e+02 6.516189e+01 4.774279e+02
1.147088e+02 6.516129e+01 4.774239e+02
1.150180e+02 6.516079e+01 4.774199e+02
1.168728e+02 6.515750e+01 4.773959e+02
1.174910e+02 6.515641e+01 4.773879e+02
1.178001e+02 6.515591e+01 4.773839e+02
1.181092e+02 6.515531e+01 4.773799e+02
1.184184e+02 6.515481e+01 4.773759e+02
1.190365e+02 6.515371e+01 4.773679e+02
1.193456e+02 6.515311e+01 4.773639e+02
1.196547e+02 6.515261e+01 4.773599e+02
1.199638e+02 6.515202e+01 4.773559e+02
5.649423e+01 6.557172e+01 4.781593e+02
5.804473e+01 6.556895e+01 4.781392e+02
5.835481e+01 6.556835e+01 4.781352e+02
5.866488e+01 6.556786e+01 4.781312e+02
5.897496e+01 6.556726e+01 4.781272e+02
6.176547e+01 6.556231e+01 4.780911e+02
6.207545e+01 6.556181e+01 4.780871e+02
6.269550e+01 6.556072e+01 4.780791e+02
6.300548e+01 6.556013e+01 4.780750e+02
6.362554e+01 6.555904e+01 4.780670e+02
6.393552e+01 6.555844e+01 4.780630e+02
6.455548e+01 6.555735e+01 4.780550e+02
6.486545e+01 6.555686e+01 4.780510e+02
6.579539e+01 6.555517e+01 4.780390e+02
6.610537e+01 6.555468e+01 4.780349e+02
6.703520e+01 6.555299e+01 4.780229e+02
6.734518e+01 6.555239e+01 4.780189e+02
6.765506e+01 6.555190e+01 4.780149e+02
6.796504e+01 6.555130e+01 4.780109e+02
6.827492e+01 6.555081e+01 4.780069e+02
6.889478e+01 6.554972e+01 4.779989e+02
6.920465e+01 6.554912e+01 4.779948e+02
6.951453e+01 6.554863e+01 4.779908e+02
6.982451e+01 6.554803e+01 4.779868e+02
7.013439e+01 6.554744e+01 4.779828e+02
7.044427e+01 6.554694e+01 4.779788e+02
7.075415e+01 6.554634e+01 4.779748e+02
7.106403e+01 6.554585e+01 4.779708e+02
7.137390e+01 6.554525e+01 4.779668e+02
7.168378e+01 6.554476e+01 4.779628e+02
7.199356e+01 6.554416e+01 4.779588e+02
1.020254e+02 6.549089e+01 4.775702e+02
1.026441e+02 6.548979e+01 4.775622e+02
1.109946e+02 6.547495e+01 4.774542e+02
1.113037e+02 6.547445e+01 4.774502e+02
1.116129e+02 6.547385e+01 4.774462e+02
1.125405e+02 6.547226e+01 4.774342e+02
1.131588e+02 6.547116e+01 4.774262e+02
1.140863e+02 6.546946e+01 4.774142e+02
1.153229e+02 6.546727e+01 4.773982e+02
1.156320e+02 6.546677e+01 4.773942e+02
1.159411e+02 6.546617e+01 4.773902e+02
1.162503e+02 6.546567e+01 4.773862e+02
1.165594e+02 6.546508e+01 4.773822e+02
1.171776e+02 6.546398e+01 4.773742e+02
1.187230e+02 6.546128e+01 4.773542e+02
1.202683e+02 6.545849e+01 4.773342e+02
4.470422e+01 6.590019e+01 4.782941e+02
4.501460e+01 6.589969e+01 4.782900e+02
4.532488e+01 6.589910e+01 4.782860e+02
4.563516e+01 6.589860e+01 4.782820e+02
4.594544e+01 6.589801e+01 4.782780e+02
4.625572e+01 6.589742e+01 4.782740e+02
4.656599e+01 6.589692e+01 4.782700e+02
4.687627e+01 6.589633e+01 4.782660e+02
4.718655e+01 6.589583e+01 4.782619e+02
4.749683e+01 6.589524e+01 4.782579e+02
4.780711e+01 6.589465e+01 4.782539e+02
4.811729e+01 6.589415e+01 4.782499e+02
4.842756e+01 6.589356e+01 4.782459e+02
4.873784e+01 6.589306e+01 4.782419e+02
4.904802e+01 6.589247e+01 4.782379e+02
4.935830e+01 6.589188e+01 4.782338e+02
4.966848e+01 6.589138e+01 4.782298e+02
4.997866e+01 6.589079e+01 4.782258e+02
5.028894e+01 6.589029e+01 4.782218e+02
5.059911e+01 6.588970e+01 4.782178e+02
5.090929e+01 6.588920e+01 4.782138e+02
5.121957e+01 6.588861e+01 4.782098e+02
5.152975e+01 6.588802e+01 4.782058e+02
5.183993e+01 6.588752e+01 4.782017e+02
5.215011e+01 6.588693e+01 4.781977e+02
5.246029e+01 6.588643e+01 4.781937e+02
5.277046e+01 6.588584e+01 4.781897e+02
5.308064e+01 6.588524e+01 4.781857e+02
5.339072e+01 6.588475e+01 4.781817e+02
5.370090e+01 6.588415e+01 4.781777e+02
5.401108e+01 6.588366e+01 4.781736e+02
5.432126e+01 6.588306e+01 4.781696e+02
5.463134e+01 6.588257e+01 4.781656e+02
5.494151e+01 6.588198e+01 4.781616e+02
5.525159e+01 6.588138e+01 4.781576e+02
5.556177e+01 6.588089e+01 4.781536e+02
5.587185e+01 6.588029e+01 4.781496e+02
5.618203e+01 6.587980e+01 4.781456e+02
5.680219e+01 6.587861e+01 4.781375e+02
5.711226e+01 6.587811e+01 4.781335e+02
5.742234e+01 6.587752e+01 4.781295e+02
5.773252e+01 6.587702e+01 4.781255e+02
5.928281e+01 6.587425e+01 4.781054e+02
5.959289e+01 6.587365e+01 4.781014e+02
5.990297e+01 6.587316e+01 4.780974e+02
6.021305e+01 6.587256e+01 4.780934e+02
6.052303e+01 6.587197e+01 4.780894e+02
6.083311e+01 6.587147e+01 4.780854e+02
6.114308e+01 6.587088e+01 4.780814e+02
6.145316e+01 6.587038e+01 4.780774e+02
6.238320e+01 6.586870e+01 4.780653e+02
6.331323e+01 6.586701e+01 4.780533e+02
6.424317e+01 6.586543e+01 4.780413e+02
6.517301e+01 6.586374e+01 4.780292e+02
6.548298e+01 6.586315e+01 4.780252e+02
6.858227e+01 6.585769e+01 4.779851e+02
-1.226793e+02 6.650760e+01 4.804417e+02
-1.220531e+02 6.650644e+01 4.804336e+02
-1.217400e+02 6.650585e+01 4.804296e+02
-1.214269e+02 6.650537e+01 4.804255e+02
-1.211138e+02 6.650479e+01 4.804214e+02
-1.208007e+02 6.650420e+01 4.804174e+02
-1.204876e+02 6.650362e+01 4.804133e+02
-1.201746e+02 6.650304e+01 4.804093e+02
-1.195484e+02 6.650197e+01 4.804012e+02
-1.192354e+02 6.650139e+01 4.803971e+02
-1.189223e+02 6.650080e+01 4.803931e+02
-1.182963e+02 6.649974e+01 4.803850e+02
-1.179832e+02 6.649915e+01 4.803809e+02
-1.176702e+02 6.649857e+01 4.803769e+02
-1.167311e+02 6.649692e+01 4.803647e+02
-1.157921e+02 6.649527e+01 4.803526e+02
-1.154791e+02 6.649469e+01 4.803486e+02
-1.148532e+02 6.649352e+01 4.803405e+02
-1.123495e+02 6.648905e+01 4.803081e+02
-1.114107e+02 6.648740e+01 4.802959e+02
-1.107849e+02 6.648623e+01 4.802878e+02
-1.104720e+02 6.648575e+01 4.802838e+02
-1.101591e+02 6.648516e+01 4.802797e+02
-1.095333e+02 6.648400e+01 4.802716e+02
-1.089076e+02 6.648293e+01 4.802635e+02
-1.076561e+02 6.648069e+01 4.802473e+02
-1.073432e+02 6.648011e+01 4.802433e+02
-1.070304e+02 6.647953e+01 4.802393e+02
-1.064047e+02 6.647846e+01 4.802312e+02
-1.060919e+02 6.647787e+01 4.802271e+02
-1.057791e+02 6.647729e+01 4.802231e+02
-1.051534e+02 6.647622e+01 4.802150e+02
-1.048406e+02 6.647564e+01 4.802109e+02
-1.042150e+02 6.647447e+01 4.802028e+02
-1.039022e+02 6.647398e+01 4.801988e+02
-1.029639e+02 6.647223e+01 4.801866e+02
-1.026511e+02 6.647175e+01 4.801826e+02
-1.020255e+02 6.647058e+01 4.801745e+02
-1.017128e+02 6.646999e+01 4.801705e+02
-1.007745e+02 6.646834e+01 4.801583e+02
-1.004618e+02 6.646776e+01 4.801543e+02
-9.952362e+01 6.646610e+01 4.801421e+02
-9.921091e+01 6.646552e+01 4.801381e+02
-9.858550e+01 6.646445e+01 4.801300e+02
-9.827279e+01 6.646386e+01 4.801260e+02
-9.764740e+01 6.646269e+01 4.801179e+02
-9.733472e+01 6.646221e+01 4.801138e+02
-9.608404e+01 6.645997e+01 4.800976e+02
-6.877928e+00 6.630019e+01 4.789436e+02
-4.077702e+00 6.629517e+01 4.789074e+02
-3.455495e+00 6.629409e+01 4.788993e+02
-2.833298e+00 6.629291e+01 4.788913e+02
-2.522210e+00 6.629242e+01 4.788872e+02
-2.211121e+00 6.629183e+01 4.788832e+02
-1.900042e+00 6.629124e+01 4.788792e+02
-9.668370e-01 6.628957e+01 4.788671e+02
-3.447302e-01 6.628848e+01 4.788591e+02
-3.368155e-02 6.628789e+01 4.788551e+02
2.773566e-01 6.628740e+01 4.788510e+02
2.143498e+00 6.628405e+01 4.788269e+02
2.454506e+00 6.628346e+01 4.788229e+02
2.765505e+00 6.628287e+01 4.788188e+02
3.076503e+00 6.628238e+01 4.788148e+02
3.387492e+00 6.628179e+01 4.788108e+02
3.698480e+00 6.628120e+01 4.788068e+02
4.320427e+00 6.628012e+01 4.787987e+02
4.631395e+00 6.627962e+01 4.787947e+02
4.942364e+00 6.627903e+01 4.787907e+02
5.253323e+00 6.627844e+01 4.787867e+02
5.564271e+00 6.627795e+01 4.787826e+02
5.875220e+00 6.627736e+01 4.787786e+02
6.186168e+00 6.627677e+01 4.787746e+02
6.497106e+00 6.627628e+01 4.787706e+02
6.808035e+00 6.627568e+01 4.787665e+02
7.118964e+00 6.627509e+01 4.787625e+02
7.429882e+00 6.627460e+01 4.787585e+02
7.740801e+00 6.627401e+01 4.787545e+02
8.051709e+00 6.627342e+01 4.787505e+02
8.984415e+00 6.627174e+01 4.787384e+02
9.295303e+00 6.627125e+01 4.787344e+02
9.606192e+00 6.627066e+01 4.787303e+02
9.917070e+00 6.627007e+01 4.787263e+02
1.022795e+01 6.626958e+01 4.787223e+02
1.053882e+01 6.626899e+01 4.787183e+02
1.084968e+01 6.626839e+01 4.787143e+02
1.116053e+01 6.626790e+01 4.787102e+02
1.147139e+01 6.626731e+01 4.787062e+02
1.178224e+01 6.626682e+01 4.787022e+02
1.209308e+01 6.626623e+01 4.786982e+02
1.271476e+01 6.626514e+01 4.786901e+02
1.302558e+01 6.626455e+01 4.786861e+02
1.333640e+01 6.626396e+01 4.786821e+02
1.364722e+01 6.626347e+01 4.786781e+02
1.426884e+01 6.626228e+01 4.786700e+02
1.489044e+01 6.626120e+01 4.786620e+02
1.520123e+01 6.626061e+01 4.786580e+02
1.551201e+01 6.626011e+01 4.786539e+02
1.582280e+01 6.625952e+01 4.786499e+02
-1.819446e+02 6.692314e+01 4.811905e+02
-1.816305e+02 6.692256e+01 4.811865e+02
-1.813164e+02 6.692198e+01 4.811824e+02
-1.810023e+02 6.692150e+01 4.811783e+02
-1.797460e+02 6.691919e+01 4.811621e+02
-1.794319e+02 6.691861e+01 4.811580e+02
-1.791180e+02 6.691803e+01 4.811540e+02
-1.788039e+02 6.691755e+01 4.811499e+02
-1.784898e+02 6.691697e+01 4.811458e+02
-1.627945e+02 6.688867e+01 4.809428e+02
-1.618532e+02 6.688703e+01 4.809306e+02
-1.599707e+02 6.688365e+01 4.809063e+02
-1.587159e+02 6.688133e+01 4.808900e+02
-1.577747e+02 6.687968e+01 4.808779e+02
-1.568337e+02 6.687794e+01 4.808657e+02
-1.565200e+02 6.687746e+01 4.808616e+02
-1.562064e+02 6.687688e+01 4.808576e+02
-1.558927e+02 6.687630e+01 4.808535e+02
-1.549518e+02 6.687456e+01 4.808413e+02
-1.546381e+02 6.687407e+01 4.808373e+02
-1.543245e+02 6.687349e+01 4.808332e+02
-1.540109e+02 6.687291e+01 4.808292e+02
-1.536972e+02 6.687233e+01 4.808251e+02
-1.530700e+02 6.687117e+01 4.808170e+02
-1.527564e+02 6.687069e+01 4.808129e+02
-1.524428e+02 6.687011e+01 4.808089e+02
-1.521292e+02 6.686953e+01 4.808048e+02
-1.223616e+02 6.681593e+01 4.804197e+02
-1.186049e+02 6.680923e+01 4.803711e+02
-1.173528e+02 6.680699e+01 4.803549e+02
-1.170398e+02 6.680641e+01 4.803509e+02
-1.164138e+02 6.680524e+01 4.803428e+02
-1.161008e+02 6.680466e+01 4.803388e+02
-1.151619e+02 6.680301e+01 4.803266e+02
-1.139100e+02 6.680077e+01 4.803104e+02
-1.135971e+02 6.680019e+01 4.803064e+02
-1.132841e+02 6.679961e+01 4.803023e+02
-1.129712e+02 6.679902e+01 4.802983e+02
-1.126583e+02 6.679854e+01 4.802942e+02
-1.092164e+02 6.679232e+01 4.802497e+02
-1.067136e+02 6.678785e+01 4.802173e+02
-1.054623e+02 6.678551e+01 4.802011e+02
-1.045239e+02 6.678386e+01 4.801890e+02
-1.035856e+02 6.678220e+01 4.801768e+02
-1.032728e+02 6.678162e+01 4.801728e+02
-1.023345e+02 6.677997e+01 4.801607e+02
-1.013963e+02 6.677821e+01 4.801485e+02
-1.010835e+02 6.677773e+01 4.801445e+02
-1.001453e+02 6.677597e+01 4.801323e+02
-9.983262e+01 6.677539e+01 4.801283e+02
-9.889451e+01 6.677374e+01 4.801162e+02
-9.795644e+01 6.677208e+01 4.801040e+02
-9.701843e+01 6.677033e+01 4.800919e+02
-9.670576e+01 6.676984e+01 4.800878e+02
-9.639311e+01 6.676926e+01 4.800838e+02
-9.576780e+01 6.676809e+01 4.800757e+02
-6.702683e+01 6.671640e+01 4.797039e+02
-6.640252e+01 6.671532e+01 4.796958e+02
-6.609037e+01 6.671474e+01 4.796918e+02
-6.577823e+01 6.671415e+01 4.796878e+02
-6.546610e+01 6.671356e+01 4.796837e+02
-6.515396e+01 6.671308e+01 4.796797e+02
-6.484184e+01 6.671249e+01 4.796756e+02
-6.452972e+01 6.671190e+01 4.796716e+02
-6.359339e+01 6.671024e+01 4.796595e+02
-6.328129e+01 6.670966e+01 4.796555e+02
-6.296919e+01 6.670907e+01 4.796514e+02
-6.265710e+01 6.670858e+01 4.796474e+02
-6.234502e+01 6.670799e+01 4.796433e+02
-6.203294e+01 6.670741e+01 4.796393e+02
-6.172087e+01 6.670682e+01 4.796353e+02
-6.109674e+01 6.670575e+01 4.796272e+02
-5.922447e+01 6.670232e+01 4.796030e+02
-5.610445e+01 6.669675e+01 4.795626e+02
-1.092304e+01 6.661546e+01 4.789781e+02
-1.061183e+01 6.661487e+01 4.789741e+02
-1.030062e+01 6.661438e+01 4.789701e+02
-9.678225e+00 6.661320e+01 4.789620e+02
-9.367027e+00 6.661271e+01 4.789580e+02
-9.055838e+00 6.661212e+01 4.789540e+02
-8.744659e+00 6.661153e+01 4.789499e+02
-8.433481e+00 6.661103e+01 4.789459e+02
-8.122313e+00 6.661044e+01 4.789419e+02
-7.188827e+00 6.660877e+01 4.789298e+02
-6.566530e+00 6.660759e+01 4.789218e+02
-6.255392e+00 6.660710e+01 4.789177e+02
-5.944253e+00 6.660651e+01 4.789137e+02
-5.633124e+00 6.660592e+01 4.789097e+02
-5.321996e+00 6.660543e+01 4.789057e+02
-5.010878e+00 6.660484e+01 4.789016e+02
-4.699769e+00 6.660425e+01 4.788976e+02
-6.557584e-01 6.659696e+01 4.788453e+02
5.883752e-01 6.659480e+01 4.788292e+02
8.993939e-01 6.659421e+01 4.788252e+02
1.210413e+00 6.659362e+01 4.788212e+02
1.521421e+00 6.659303e+01 4.788171e+02
1.832419e+00 6.659254e+01 4.788131e+02
-1.744012e+02 6.721895e+01 4.810751e+02
-1.740872e+02 6.721837e+01 4.810710e+02
-1.737734e+02 6.721779e+01 4.810670e+02
-1.734594e+02 6.721731e+01 4.810629e+02
-1.731454e+02 6.721673e+01 4.810588e+02
-1.715758e+02 6.721383e+01 4.810385e+02
-1.712619e+02 6.721325e+01 4.810345e+02
-1.709481e+02 6.721277e+01 4.810304e+02
-1.706341e+02 6.721219e+01 4.810263e+02
-1.693786e+02 6.720987e+01 4.810101e+02
-1.690647e+02 6.720929e+01 4.810060e+02
-1.687508e+02 6.720871e+01 4.810020e+02
-1.684370e+02 6.720823e+01 4.809979e+02
-1.681232e+02 6.720765e+01 4.809939e+02
-1.671816e+02 6.720591e+01 4.809817e+02
-1.668677e+02 6.720533e+01 4.809776e+02
-1.665540e+02 6.720475e+01 4.809736e+02
-1.662401e+02 6.720417e+01 4.809695e+02
-1.649849e+02 6.720195e+01 4.809533e+02
-1.646711e+02 6.720137e+01 4.809492e+02
-1.643573e+02 6.720079e+01 4.809451e+02
-1.640435e+02 6.720021e+01 4.809411e+02
-1.624746e+02 6.719740e+01 4.809208e+02
-1.621609e+02 6.719682e+01 4.809167e+02
-1.609060e+02 6.719460e+01 4.809005e+02
-1.605922e+02 6.719402e+01 4.808964e+02
-1.602785e+02 6.719344e+01 4.808924e+02
-1.583962e+02 6.719006e+01 4.808680e+02
-1.580826e+02 6.718947e+01 4.808640e+02
-6.671218e+01 6.702431e+01 4.796820e+02
-6.421521e+01 6.701981e+01 4.796497e+02
-6.390311e+01 6.701923e+01 4.796457e+02
-6.140652e+01 6.701473e+01 4.796134e+02
-5.797424e+01 6.700857e+01 4.795690e+02
-5.766225e+01 6.700798e+01 4.795649e+02
-5.735026e+01 6.700740e+01 4.795609e+02
-5.703828e+01 6.700681e+01 4.795569e+02
-5.672630e+01 6.700622e+01 4.795528e+02
-5.641433e+01 6.700573e+01 4.795488e+02
-5.579040e+01 6.700456e+01 4.795407e+02
-5.547844e+01 6.700397e+01 4.795367e+02
-5.516649e+01 6.700348e+01 4.795327e+02
-5.485454e+01 6.700290e+01 4.795286e+02
-5.454260e+01 6.700231e+01 4.795246e+02
-5.391874e+01 6.700123e+01 4.795165e+02
-5.360681e+01 6.700065e+01 4.795125e+02
-5.329489e+01 6.700006e+01 4.795085e+02
-5.298298e+01 6.699947e+01 4.795044e+02
-5.267107e+01 6.699898e+01 4.795004e+02
-5.235916e+01 6.699840e+01 4.794963e+02
-5.204727e+01 6.699781e+01 4.794923e+02
-5.173537e+01 6.699722e+01 4.794883e+02
-5.142348e+01 6.699663e+01 4.794842e+02
-5.111160e+01 6.699614e+01 4.794802e+02
-5.079972e+01 6.699556e+01 4.794762e+02
-5.048785e+01 6.699497e+01 4.794721e+02
-5.017598e+01 6.699438e+01 4.794681e+02
-4.986412e+01 6.699389e+01 4.794641e+02
-4.955226e+01 6.699331e+01 4.794600e+02
-4.924041e+01 6.699272e+01 4.794560e+02
-4.892857e+01 6.699213e+01 4.794520e+02
-4.861672e+01 6.699164e+01 4.794479e+02
-4.830489e+01 6.699105e+01 4.794439e+02
-4.799306e+01 6.699047e+01 4.794399e+02
-4.736941e+01 6.698939e+01 4.794318e+02
-4.705760e+01 6.698880e+01 4.794278e+02
-4.674579e+01 6.698821e+01 4.794237e+02
-4.643398e+01 6.698763e+01 4.794197e+02
-4.612219e+01 6.698714e+01 4.794157e+02
-4.581039e+01 6.698655e+01 4.794116e+02
-4.549860e+01 6.698596e+01 4.794076e+02
-4.518682e+01 6.698537e+01 4.794036e+02
-4.487504e+01 6.698488e+01 4.793995e+02
-4.456326e+01 6.698430e+01 4.793955e+02
-4.425150e+01 6.698371e+01 4.793915e+02
-4.393974e+01 6.698312e+01 4.793874e+02
-4.362798e+01 6.698263e+01 4.793834e+02
-4.331623e+01 6.698204e+01 4.793794e+02
-4.300448e+01 6.698146e+01 4.793753e+02
-4.269273e+01 6.698087e+01 4.793713e+02
-4.238101e+01 6.698038e+01 4.793673e+02
-4.144583e+01 6.697861e+01 4.793552e+02
-4.113411e+01 6.697812e+01 4.793511e+02
-4.082240e+01 6.697754e+01 4.793471e+02
-4.051069e+01 6.697695e+01 4.793431e+02
-4.019900e+01 6.697636e+01 4.793390e+02
-3.988730e+01 6.697587e+01 4.793350e+02
-3.957561e+01 6.697528e+01 4.793310e+02
