1.182611e+01 1.263281e+02 6.527522e+02
1.182572e+01 1.267471e+02 6.527311e+02
1.182534e+01 1.271662e+02 6.527101e+02
1.182496e+01 1.275851e+02 6.526890e+02
1.182458e+01 1.280041e+02 6.526679e+02
1.182420e+01 1.284231e+02 6.526468e+02
1.182382e+01 1.288420e+02 6.526258e+02
1.182343e+01 1.292609e+02 6.526047e+02
1.182305e+01 1.296798e+02 6.525837e+02
1.182267e+01 1.300986e+02 6.525626e+02
1.182229e+01 1.305174e+02 6.525415e+02
1.182191e+01 1.309362e+02 6.525205e+02
1.182153e+01 1.313550e+02 6.524994e+02
1.182115e+01 1.317737e+02 6.524784e+02
1.182076e+01 1.321924e+02 6.524573e+02
1.182038e+01 1.326111e+02 6.524363e+02
1.182000e+01 1.330297e+02 6.524152e+02
1.181962e+01 1.334484e+02 6.523942e+02
1.181923e+01 1.338669e+02 6.523731e+02
1.181885e+01 1.342855e+02 6.523521e+02
1.181847e+01 1.347041e+02 6.523310e+02
1.181810e+01 1.351226e+02 6.523100e+02
1.181772e+01 1.355410e+02 6.522889e+02
1.181734e+01 1.359595e+02 6.522679e+02
1.181695e+01 1.363780e+02 6.522469e+02
1.181657e+01 1.367963e+02 6.522258e+02
1.181619e+01 1.372147e+02 6.522048e+02
1.181581e+01 1.376331e+02 6.521837e+02
1.181543e+01 1.380515e+02 6.521627e+02
1.181505e+01 1.384697e+02 6.521417e+02
1.181467e+01 1.388880e+02 6.521206e+02
1.181429e+01 1.393063e+02 6.520996e+02
1.181390e+01 1.397245e+02 6.520786e+02
1.181352e+01 1.401426e+02 6.520576e+02
1.181314e+01 1.405608e+02 6.520365e+02
1.181276e+01 1.409790e+02 6.520155e+02
1.181238e+01 1.413971e+02 6.519945e+02
1.181200e+01 1.418151e+02 6.519735e+02
1.181162e+01 1.422332e+02 6.519524e+02
1.181124e+01 1.426513e+02 6.519314e+02
1.181086e+01 1.430692e+02 6.519104e+02
1.181048e+01 1.434872e+02 6.518894e+02
1.181010e+01 1.439052e+02 6.518684e+02
1.180971e+01 1.443231e+02 6.518474e+02
1.180933e+01 1.447409e+02 6.518264e+02
1.180895e+01 1.451588e+02 6.518053e+02
1.180857e+01 1.455767e+02 6.517843e+02
1.230202e+01 7.119615e+01 6.555183e+02
1.230162e+01 7.161882e+01 6.554971e+02
1.230122e+01 7.204139e+01 6.554758e+02
1.230082e+01 7.246396e+01 6.554546e+02
1.230042e+01 7.288642e+01 6.554333e+02
1.230003e+01 7.330899e+01 6.554121e+02
1.229963e+01 7.373146e+01 6.553908e+02
1.229883e+01 7.457630e+01 6.553483e+02
1.229842e+01 7.499876e+01 6.553271e+02
1.229803e+01 7.542113e+01 6.553059e+02
1.229763e+01 7.584350e+01 6.552846e+02
1.229723e+01 7.626577e+01 6.552634e+02
1.229683e+01 7.668804e+01 6.552422e+02
1.229644e+01 7.711031e+01 6.552209e+02
1.229604e+01 7.753257e+01 6.551997e+02
1.229564e+01 7.795474e+01 6.551785e+02
1.229524e+01 7.837691e+01 6.551572e+02
1.229484e+01 7.879908e+01 6.551360e+02
1.229444e+01 7.922125e+01 6.551148e+02
1.229405e+01 7.964332e+01 6.550936e+02
1.229365e+01 8.006539e+01 6.550723e+02
1.229325e+01 8.048746e+01 6.550511e+02
1.229285e+01 8.090942e+01 6.550299e+02
1.229245e+01 8.133149e+01 6.550087e+02
1.229206e+01 8.175346e+01 6.549875e+02
1.229165e+01 8.217533e+01 6.549663e+02
1.229126e+01 8.259730e+01 6.549450e+02
1.229086e+01 8.301917e+01 6.549238e+02
1.229047e+01 8.344104e+01 6.549026e+02
1.229006e+01 8.386281e+01 6.548814e+02
1.228967e+01 8.428458e+01 6.548602e+02
1.228927e+01 8.470634e+01 6.548390e+02
1.228888e+01 8.512811e+01 6.548178e+02
1.228847e+01 8.554988e+01 6.547966e+02
1.228808e+01 8.597155e+01 6.547754e+02
1.228768e+01 8.639322e+01 6.547542e+02
1.228728e+01 8.681479e+01 6.547330e+02
1.228688e+01 8.723646e+01 6.547118e+02
1.228649e+01 8.765803e+01 6.546906e+02
1.228608e+01 8.807960e+01 6.546694e+02
1.228569e+01 8.850107e+01 6.546482e+02
1.228529e+01 8.892264e+01 6.546270e+02
1.228489e+01 8.934411e+01 6.546058e+02
1.228450e+01 8.976548e+01 6.545846e+02
1.228409e+01 9.018695e+01 6.545634e+02
1.228370e+01 9.060831e+01 6.545422e+02
1.228330e+01 9.102968e+01 6.545210e+02
1.228290e+01 9.145105e+01 6.544999e+02
1.228251e+01 9.187232e+01 6.544787e+02
1.228211e+01 9.229359e+01 6.544575e+02
1.228172e+01 9.271486e+01 6.544363e+02
1.228131e+01 9.313603e+01 6.544151e+02
1.228092e+01 9.355730e+01 6.543940e+02
1.228052e+01 9.397847e+01 6.543728e+02
1.228012e+01 9.439954e+01 6.543516e+02
1.227972e+01 9.482071e+01 6.543304e+02
1.227933e+01 9.524178e+01 6.543093e+02
1.227893e+01 9.566285e+01 6.542881e+02
1.227854e+01 9.608392e+01 6.542669e+02
1.227813e+01 9.650489e+01 6.542457e+02
1.227774e+01 9.692586e+01 6.542246e+02
1.227734e+01 9.734683e+01 6.542034e+02
1.227694e+01 9.776770e+01 6.541822e+02
1.227655e+01 9.818867e+01 6.541611e+02
1.227615e+01 9.860954e+01 6.541399e+02
1.277533e+01 2.241130e+01 6.579652e+02
1.277034e+01 2.751887e+01 6.577084e+02
1.276993e+01 2.794434e+01 6.576870e+02
1.276951e+01 2.836980e+01 6.576656e+02
1.276868e+01 2.922053e+01 6.576229e+02
1.276785e+01 3.007116e+01 6.575801e+02
1.276743e+01 3.049643e+01 6.575587e+02
1.276577e+01 3.219738e+01 6.574732e+02
1.276535e+01 3.262245e+01 6.574518e+02
1.276453e+01 3.347268e+01 6.574091e+02
1.276370e+01 3.432281e+01 6.573663e+02
1.276328e+01 3.474777e+01 6.573449e+02
1.276286e+01 3.517274e+01 6.573236e+02
1.276245e+01 3.559770e+01 6.573022e+02
1.276204e+01 3.602267e+01 6.572808e+02
1.276121e+01 3.687240e+01 6.572381e+02
1.276079e+01 3.729726e+01 6.572168e+02
1.276037e+01 3.772213e+01 6.571954e+02
1.275997e+01 3.814689e+01 6.571740e+02
1.275955e+01 3.857166e+01 6.571527e+02
1.275913e+01 3.899642e+01 6.571313e+02
1.275872e+01 3.942109e+01 6.571100e+02
1.275831e+01 3.984576e+01 6.570886e+02
1.275789e+01 4.027042e+01 6.570673e+02
1.275748e+01 4.069499e+01 6.570459e+02
1.275706e+01 4.111965e+01 6.570246e+02
1.275664e+01 4.154422e+01 6.570032e+02
1.275624e+01 4.196878e+01 6.569819e+02
1.275582e+01 4.239325e+01 6.569605e+02
1.275540e+01 4.281771e+01 6.569392e+02
1.275499e+01 4.324218e+01 6.569178e+02
1.272481e+01 7.415326e+01 6.553636e+02
1.337141e+01 -1.449094e+02 6.663722e+02
1.337009e+01 -1.435992e+02 6.663063e+02
1.336964e+01 -1.431626e+02 6.662844e+02
1.336568e+01 -1.392340e+02 6.660868e+02
1.336524e+01 -1.387976e+02 6.660649e+02
1.336436e+01 -1.379250e+02 6.660210e+02
1.336216e+01 -1.357439e+02 6.659114e+02
1.336171e+01 -1.353078e+02 6.658894e+02
1.335996e+01 -1.335635e+02 6.658017e+02
1.335952e+01 -1.331275e+02 6.657798e+02
1.335820e+01 -1.318197e+02 6.657140e+02
1.335688e+01 -1.305122e+02 6.656483e+02
1.335644e+01 -1.300764e+02 6.656264e+02
1.335600e+01 -1.296406e+02 6.656045e+02
1.335556e+01 -1.292049e+02 6.655826e+02
1.335468e+01 -1.283335e+02 6.655388e+02
1.335424e+01 -1.278979e+02 6.655168e+02
1.335337e+01 -1.270267e+02 6.654730e+02
1.335292e+01 -1.265911e+02 6.654511e+02
1.335248e+01 -1.261556e+02 6.654292e+02
1.335204e+01 -1.257201e+02 6.654073e+02
1.332223e+01 -9.617298e+01 6.639217e+02
1.332180e+01 -9.573945e+01 6.638999e+02
1.332136e+01 -9.530594e+01 6.638781e+02
1.332092e+01 -9.487247e+01 6.638563e+02
1.332048e+01 -9.443902e+01 6.638345e+02
1.332005e+01 -9.400560e+01 6.638127e+02
1.331961e+01 -9.357221e+01 6.637909e+02
1.331917e+01 -9.313885e+01 6.637691e+02
1.331873e+01 -9.270552e+01 6.637473e+02
1.331830e+01 -9.227222e+01 6.637256e+02
1.331786e+01 -9.183894e+01 6.637038e+02
1.331743e+01 -9.140569e+01 6.636820e+02
1.331698e+01 -9.097247e+01 6.636602e+02
1.331655e+01 -9.053928e+01 6.636384e+02
1.331611e+01 -9.010612e+01 6.636166e+02
1.331568e+01 -8.967299e+01 6.635949e+02
1.331524e+01 -8.923988e+01 6.635731e+02
1.331481e+01 -8.880681e+01 6.635513e+02
1.331437e+01 -8.837376e+01 6.635295e+02
1.331392e+01 -8.794074e+01 6.635078e+02
1.331349e+01 -8.750775e+01 6.634860e+02
1.331305e+01 -8.707478e+01 6.634642e+02
1.331262e+01 -8.664185e+01 6.634425e+02
1.331218e+01 -8.620895e+01 6.634207e+02
1.331174e+01 -8.577607e+01 6.633989e+02
1.331131e+01 -8.534322e+01 6.633772e+02
1.331087e+01 -8.491039e+01 6.633554e+02
1.331043e+01 -8.447761e+01 6.633336e+02
1.331000e+01 -8.404484e+01 6.633119e+02
1.330956e+01 -8.361211e+01 6.632901e+02
1.330912e+01 -8.317940e+01 6.632684e+02
1.330869e+01 -8.274672e+01 6.632466e+02
1.330825e+01 -8.231407e+01 6.632249e+02
1.330781e+01 -8.188144e+01 6.632031e+02
1.330738e+01 -8.144885e+01 6.631814e+02
1.330694e+01 -8.101628e+01 6.631596e+02
1.330650e+01 -8.058375e+01 6.631379e+02
1.330607e+01 -8.015124e+01 6.631161e+02
1.330564e+01 -7.971876e+01 6.630944e+02
1.330520e+01 -7.928630e+01 6.630726e+02
1.330476e+01 -7.885389e+01 6.630509e+02
1.330432e+01 -7.842149e+01 6.630291e+02
1.330389e+01 -7.798913e+01 6.630074e+02
1.330345e+01 -7.755678e+01 6.629857e+02
1.330302e+01 -7.712447e+01 6.629639e+02
1.330258e+01 -7.669219e+01 6.629422e+02
1.330214e+01 -7.625993e+01 6.629204e+02
1.330171e+01 -7.582771e+01 6.628987e+02
1.330127e+01 -7.539551e+01 6.628770e+02
1.330084e+01 -7.496334e+01 6.628553e+02
1.330040e+01 -7.453121e+01 6.628335e+02
1.329996e+01 -7.409909e+01 6.628118e+02
1.329952e+01 -7.366701e+01 6.627901e+02
1.329909e+01 -7.323495e+01 6.627684e+02
1.329865e+01 -7.280292e+01 6.627466e+02
1.329822e+01 -7.237093e+01 6.627249e+02
1.329779e+01 -7.193896e+01 6.627032e+02
1.329735e+01 -7.150702e+01 6.626815e+02
1.329691e+01 -7.107510e+01 6.626598e+02
1.329648e+01 -7.064321e+01 6.626380e+02
1.329604e+01 -7.021136e+01 6.626163e+02
1.329561e+01 -6.977953e+01 6.625946e+02
1.329517e+01 -6.934774e+01 6.625729e+02
1.329473e+01 -6.891596e+01 6.625512e+02
1.329430e+01 -6.848421e+01 6.625295e+02
1.326561e+01 -4.005154e+01 6.610999e+02
1.326518e+01 -3.962169e+01 6.610782e+02
1.326474e+01 -3.919186e+01 6.610566e+02
1.326127e+01 -3.575426e+01 6.608838e+02
1.326085e+01 -3.532469e+01 6.608622e+02
1.326041e+01 -3.489514e+01 6.608406e+02
1.325825e+01 -3.274784e+01 6.607326e+02
1.325781e+01 -3.231846e+01 6.607110e+02
1.325608e+01 -3.060123e+01 6.606247e+02
1.325522e+01 -2.974279e+01 6.605815e+02
1.325434e+01 -2.888445e+01 6.605384e+02
1.325002e+01 -2.459447e+01 6.603227e+02
1.324872e+01 -2.330802e+01 6.602580e+02
1.324483e+01 -1.945018e+01 6.600640e+02
1.324440e+01 -1.902168e+01 6.600425e+02
1.324353e+01 -1.816474e+01 6.599994e+02
1.324180e+01 -1.645121e+01 6.599132e+02
1.323920e+01 -1.388175e+01 6.597840e+02
1.320904e+01 1.602109e+01 6.582805e+02
1.320861e+01 1.644725e+01 6.582591e+02
1.320818e+01 1.687342e+01 6.582376e+02
1.320775e+01 1.729958e+01 6.582162e+02
1.320732e+01 1.772564e+01 6.581948e+02
1.320689e+01 1.815181e+01 6.581733e+02
1.320645e+01 1.857787e+01 6.581519e+02
1.320603e+01 1.900384e+01 6.581305e+02
1.320560e+01 1.942990e+01 6.581091e+02
1.320517e+01 1.985586e+01 6.580877e+02
1.320473e+01 2.028183e+01 6.580662e+02
1.320431e+01 2.070769e+01 6.580448e+02
1.320388e+01 2.113355e+01 6.580234e+02
1.320345e+01 2.155942e+01 6.580020e+02
1.320302e+01 2.198528e+01 6.579806e+02
1.320216e+01 2.283691e+01 6.579378e+02
1.320173e+01 2.326267e+01 6.579164e+02
1.320130e+01 2.368834e+01 6.578950e+02
1.320087e+01 2.411410e+01 6.578736e+02
1.320044e+01 2.453977e+01 6.578522e+02
1.320001e+01 2.496533e+01 6.578308e+02
1.319959e+01 2.539099e+01 6.578094e+02
1.319916e+01 2.581656e+01 6.577880e+02
1.319873e+01 2.624212e+01 6.577666e+02
1.319830e+01 2.666769e+01 6.577452e+02
1.319787e+01 2.709315e+01 6.577238e+02
1.319615e+01 2.879491e+01 6.576382e+02
1.319529e+01 2.964564e+01 6.575954e+02
1.319401e+01 3.092143e+01 6.575313e+02
1.319358e+01 3.134670e+01 6.575099e+02
1.319315e+01 3.177186e+01 6.574885e+02
1.319186e+01 3.304725e+01 6.574244e+02
1.319100e+01 3.389748e+01 6.573816e+02
1.318843e+01 3.644727e+01 6.572534e+02
1.380822e+01 -1.488399e+02 6.665637e+02
1.380776e+01 -1.484029e+02 6.665417e+02
1.380686e+01 -1.475290e+02 6.664978e+02
1.380640e+01 -1.470921e+02 6.664758e+02
1.380594e+01 -1.466552e+02 6.664538e+02
1.380549e+01 -1.462184e+02 6.664319e+02
1.380503e+01 -1.457816e+02 6.664099e+02
1.380458e+01 -1.453448e+02 6.663880e+02
1.380367e+01 -1.444713e+02 6.663440e+02
1.380322e+01 -1.440346e+02 6.663221e+02
1.380185e+01 -1.427246e+02 6.662562e+02
1.380139e+01 -1.422880e+02 6.662343e+02
1.380094e+01 -1.418515e+02 6.662123e+02
1.380048e+01 -1.414149e+02 6.661904e+02
1.380004e+01 -1.409784e+02 6.661684e+02
1.379867e+01 -1.396691e+02 6.661026e+02
1.379731e+01 -1.383600e+02 6.660368e+02
1.379640e+01 -1.374874e+02 6.659929e+02
1.379594e+01 -1.370512e+02 6.659710e+02
1.379549e+01 -1.366150e+02 6.659490e+02
1.379321e+01 -1.344343e+02 6.658394e+02
1.379276e+01 -1.339983e+02 6.658175e+02
1.379140e+01 -1.326903e+02 6.657517e+02
1.379004e+01 -1.313826e+02 6.656859e+02
1.378732e+01 -1.287680e+02 6.655545e+02
1.378595e+01 -1.274611e+02 6.654888e+02
1.369356e+01 -3.876171e+01 6.610289e+02
1.369311e+01 -3.833194e+01 6.610073e+02
1.369267e+01 -3.790220e+01 6.609857e+02
1.369222e+01 -3.747249e+01 6.609641e+02
1.369177e+01 -3.704281e+01 6.609425e+02
1.369132e+01 -3.661315e+01 6.609209e+02
1.369088e+01 -3.618353e+01 6.608993e+02
1.368909e+01 -3.446531e+01 6.608129e+02
1.368864e+01 -3.403582e+01 6.607913e+02
1.368820e+01 -3.360637e+01 6.607697e+02
1.368775e+01 -3.317694e+01 6.607481e+02
1.368640e+01 -3.188881e+01 6.606833e+02
1.368596e+01 -3.145950e+01 6.606618e+02
1.368551e+01 -3.103021e+01 6.606402e+02
1.368462e+01 -3.017171e+01 6.605970e+02
1.368373e+01 -2.931333e+01 6.605538e+02
1.368283e+01 -2.845506e+01 6.605107e+02
1.368238e+01 -2.802597e+01 6.604891e+02
1.368194e+01 -2.759691e+01 6.604675e+02
1.368149e+01 -2.716788e+01 6.604460e+02
1.368104e+01 -2.673887e+01 6.604244e+02
1.368059e+01 -2.630989e+01 6.604028e+02
1.368015e+01 -2.588093e+01 6.603813e+02
1.367971e+01 -2.545201e+01 6.603597e+02
1.367925e+01 -2.502311e+01 6.603381e+02
1.367836e+01 -2.416540e+01 6.602950e+02
1.367792e+01 -2.373659e+01 6.602734e+02
1.367702e+01 -2.287905e+01 6.602303e+02
1.367658e+01 -2.245032e+01 6.602088e+02
1.367612e+01 -2.202162e+01 6.601872e+02
1.367568e+01 -2.159295e+01 6.601657e+02
1.367524e+01 -2.116430e+01 6.601441e+02
1.367479e+01 -2.073568e+01 6.601226e+02
1.367434e+01 -2.030709e+01 6.601010e+02
1.367390e+01 -1.987853e+01 6.600795e+02
1.367256e+01 -1.859302e+01 6.600148e+02
1.367167e+01 -1.773615e+01 6.599717e+02
1.367122e+01 -1.730776e+01 6.599502e+02
1.367077e+01 -1.687940e+01 6.599287e+02
1.366988e+01 -1.602275e+01 6.598856e+02
1.366944e+01 -1.559447e+01 6.598641e+02
1.366899e+01 -1.516622e+01 6.598425e+02
1.366855e+01 -1.473800e+01 6.598210e+02
1.366809e+01 -1.430980e+01 6.597995e+02
1.366720e+01 -1.345348e+01 6.597564e+02
1.366676e+01 -1.302537e+01 6.597349e+02
1.366631e+01 -1.259728e+01 6.597134e+02
