1.287317e+01 1.457683e+02 5.847547e+02
1.287264e+01 1.461413e+02 5.847306e+02
1.287211e+01 1.465143e+02 5.847064e+02
1.287158e+01 1.468873e+02 5.846823e+02
1.287105e+01 1.472602e+02 5.846581e+02
1.286839e+01 1.491245e+02 5.845375e+02
1.286785e+01 1.494972e+02 5.845134e+02
1.286733e+01 1.498700e+02 5.844893e+02
1.286574e+01 1.509879e+02 5.844169e+02
1.286520e+01 1.513606e+02 5.843928e+02
1.326720e+01 1.375760e+02 5.853814e+02
1.326666e+01 1.379498e+02 5.853572e+02
1.326446e+01 1.394446e+02 5.852604e+02
1.326392e+01 1.398182e+02 5.852362e+02
1.326336e+01 1.401919e+02 5.852121e+02
1.326227e+01 1.409389e+02 5.851637e+02
1.326172e+01 1.413124e+02 5.851395e+02
1.326118e+01 1.416859e+02 5.851154e+02
1.326063e+01 1.420593e+02 5.850912e+02
1.326008e+01 1.424328e+02 5.850670e+02
1.325953e+01 1.428061e+02 5.850429e+02
1.325898e+01 1.431794e+02 5.850187e+02
1.325843e+01 1.435527e+02 5.849945e+02
1.325789e+01 1.439260e+02 5.849704e+02
1.325734e+01 1.442993e+02 5.849462e+02
1.325679e+01 1.446724e+02 5.849221e+02
1.325625e+01 1.450457e+02 5.848979e+02
1.325242e+01 1.476571e+02 5.847289e+02
1.365756e+01 1.323615e+02 5.858155e+02
1.365700e+01 1.327358e+02 5.857913e+02
1.365587e+01 1.334842e+02 5.857428e+02
1.365531e+01 1.338584e+02 5.857186e+02
1.365474e+01 1.342326e+02 5.856944e+02
1.365418e+01 1.346066e+02 5.856702e+02
1.365361e+01 1.349808e+02 5.856459e+02
1.365305e+01 1.353548e+02 5.856217e+02
1.365249e+01 1.357287e+02 5.855975e+02
1.365192e+01 1.361028e+02 5.855733e+02
1.365136e+01 1.364767e+02 5.855491e+02
1.365079e+01 1.368507e+02 5.855249e+02
1.365023e+01 1.372245e+02 5.855007e+02
1.364853e+01 1.383461e+02 5.854281e+02
1.364797e+01 1.387198e+02 5.854039e+02
1.364741e+01 1.390936e+02 5.853797e+02
1.364515e+01 1.405883e+02 5.852829e+02
1.405141e+01 1.252649e+02 5.863716e+02
1.405083e+01 1.256399e+02 5.863473e+02
1.404966e+01 1.263896e+02 5.862988e+02
1.404908e+01 1.267644e+02 5.862745e+02
1.404793e+01 1.275140e+02 5.862260e+02
1.404735e+01 1.278887e+02 5.862017e+02
1.404676e+01 1.282634e+02 5.861775e+02
1.404618e+01 1.286380e+02 5.861532e+02
1.404560e+01 1.290127e+02 5.861290e+02
1.404502e+01 1.293873e+02 5.861047e+02
1.404444e+01 1.297619e+02 5.860805e+02
1.404386e+01 1.301364e+02 5.860562e+02
1.404327e+01 1.305110e+02 5.860320e+02
1.404269e+01 1.308854e+02 5.860077e+02
1.404211e+01 1.312598e+02 5.859835e+02
1.404154e+01 1.316343e+02 5.859592e+02
1.404095e+01 1.320086e+02 5.859350e+02
1.403921e+01 1.331317e+02 5.858623e+02
1.443345e+01 1.260353e+02 5.864185e+02
1.443165e+01 1.271599e+02 5.863457e+02
1.483581e+01 1.144162e+02 5.872678e+02
1.483520e+01 1.147921e+02 5.872434e+02
1.483458e+01 1.151681e+02 5.872191e+02
1.483398e+01 1.155439e+02 5.871947e+02
1.483274e+01 1.162956e+02 5.871461e+02
1.483212e+01 1.166713e+02 5.871217e+02
1.483090e+01 1.174228e+02 5.870731e+02
1.483028e+01 1.177985e+02 5.870487e+02
1.482967e+01 1.181742e+02 5.870244e+02
1.482721e+01 1.196765e+02 5.869271e+02
1.523492e+01 1.054015e+02 5.879486e+02
1.523430e+01 1.057783e+02 5.879242e+02
1.523366e+01 1.061549e+02 5.878998e+02
1.523303e+01 1.065317e+02 5.878754e+02
1.523239e+01 1.069083e+02 5.878510e+02
1.523113e+01 1.076615e+02 5.878023e+02
1.523050e+01 1.080381e+02 5.877779e+02
1.522987e+01 1.084146e+02 5.877535e+02
1.522923e+01 1.087911e+02 5.877291e+02
1.522860e+01 1.091675e+02 5.877047e+02
1.522797e+01 1.095440e+02 5.876803e+02
1.522734e+01 1.099204e+02 5.876559e+02
1.522671e+01 1.102968e+02 5.876316e+02
1.522608e+01 1.106731e+02 5.876072e+02
1.522544e+01 1.110495e+02 5.875828e+02
1.522481e+01 1.114257e+02 5.875584e+02
1.522419e+01 1.118019e+02 5.875341e+02
1.522355e+01 1.121782e+02 5.875097e+02
1.522292e+01 1.125543e+02 5.874853e+02
1.522229e+01 1.129306e+02 5.874610e+02
1.522166e+01 1.133066e+02 5.874366e+02
1.522102e+01 1.136827e+02 5.874122e+02
1.522040e+01 1.140588e+02 5.873879e+02
1.521723e+01 1.159386e+02 5.872661e+02
1.562587e+01 1.016489e+02 5.882888e+02
1.562522e+01 1.020260e+02 5.882644e+02
1.562457e+01 1.024031e+02 5.882400e+02
1.562393e+01 1.027801e+02 5.882156e+02
1.562327e+01 1.031572e+02 5.881911e+02
1.562262e+01 1.035342e+02 5.881667e+02
1.562198e+01 1.039111e+02 5.881423e+02
1.562132e+01 1.042881e+02 5.881179e+02
1.562068e+01 1.046650e+02 5.880934e+02
1.562002e+01 1.050419e+02 5.880690e+02
1.561614e+01 1.073024e+02 5.879226e+02
1.682592e+01 7.710650e+01 5.901712e+02
1.721855e+01 7.370297e+01 5.904893e+02
1.721782e+01 7.408270e+01 5.904647e+02
1.721711e+01 7.446233e+01 5.904401e+02
1.721639e+01 7.484197e+01 5.904155e+02
1.721568e+01 7.522160e+01 5.903909e+02
1.721496e+01 7.560114e+01 5.903663e+02
1.721424e+01 7.598067e+01 5.903417e+02
1.721352e+01 7.636020e+01 5.903171e+02
1.721281e+01 7.673964e+01 5.902925e+02
1.761453e+01 6.877531e+01 5.909064e+02
1.761380e+01 6.915544e+01 5.908818e+02
1.761306e+01 6.953558e+01 5.908571e+02
1.761233e+01 6.991571e+01 5.908325e+02
1.761160e+01 7.029584e+01 5.908078e+02
1.761086e+01 7.067588e+01 5.907832e+02
1.761013e+01 7.105581e+01 5.907585e+02
1.760939e+01 7.143584e+01 5.907339e+02
1.760866e+01 7.181578e+01 5.907093e+02
1.760792e+01 7.219571e+01 5.906846e+02
1.760719e+01 7.257554e+01 5.906600e+02
1.760645e+01 7.295548e+01 5.906354e+02
1.760573e+01 7.333531e+01 5.906107e+02
1.801484e+01 6.193692e+01 5.914475e+02
1.801410e+01 6.231775e+01 5.914228e+02
1.801334e+01 6.269858e+01 5.913981e+02
1.801259e+01 6.307931e+01 5.913735e+02
1.801184e+01 6.345994e+01 5.913488e+02
1.801109e+01 6.384067e+01 5.913241e+02
1.801033e+01 6.422131e+01 5.912994e+02
1.800958e+01 6.460194e+01 5.912747e+02
1.800883e+01 6.498247e+01 5.912500e+02
1.800808e+01 6.536310e+01 5.912254e+02
1.800733e+01 6.574353e+01 5.912007e+02
1.800658e+01 6.612407e+01 5.911760e+02
1.800582e+01 6.650450e+01 5.911513e+02
1.800507e+01 6.688493e+01 5.911267e+02
1.800432e+01 6.726536e+01 5.911020e+02
1.800357e+01 6.764569e+01 5.910773e+02
1.800282e+01 6.802603e+01 5.910527e+02
1.800207e+01 6.840636e+01 5.910280e+02
1.841358e+01 5.623034e+01 5.919154e+02
1.841281e+01 5.661167e+01 5.918907e+02
1.841205e+01 5.699300e+01 5.918660e+02
1.841127e+01 5.737423e+01 5.918412e+02
1.841050e+01 5.775546e+01 5.918165e+02
1.840974e+01 5.813669e+01 5.917918e+02
1.840897e+01 5.851792e+01 5.917671e+02
1.840820e+01 5.889905e+01 5.917423e+02
1.840743e+01 5.928018e+01 5.917176e+02
1.840666e+01 5.966121e+01 5.916929e+02
1.840589e+01 6.004234e+01 5.916682e+02
1.840512e+01 6.042338e+01 5.916435e+02
1.840436e+01 6.080431e+01 5.916188e+02
1.840358e+01 6.118534e+01 5.915941e+02
1.840282e+01 6.156627e+01 5.915693e+02
1.880823e+01 5.280546e+01 5.922355e+02
1.880744e+01 5.318719e+01 5.922107e+02
1.880666e+01 5.356882e+01 5.921860e+02
1.880587e+01 5.395045e+01 5.921612e+02
1.880508e+01 5.433208e+01 5.921364e+02
1.880430e+01 5.471361e+01 5.921117e+02
1.880351e+01 5.509514e+01 5.920869e+02
1.880272e+01 5.547667e+01 5.920622e+02
1.880194e+01 5.585810e+01 5.920375e+02
2.042276e+01 2.487170e+01 5.944407e+02
2.042019e+01 2.602448e+01 5.943659e+02
2.041933e+01 2.640870e+01 5.943409e+02
2.041848e+01 2.679282e+01 5.943160e+02
2.041762e+01 2.717695e+01 5.942911e+02
2.082893e+01 1.756704e+01 5.950133e+02
2.082630e+01 1.872184e+01 5.949383e+02
2.082455e+01 1.949159e+01 5.948884e+02
2.082280e+01 2.026113e+01 5.948384e+02
2.082193e+01 2.064586e+01 5.948134e+02
2.082105e+01 2.103058e+01 5.947884e+02
2.082018e+01 2.141520e+01 5.947635e+02
2.081931e+01 2.179982e+01 5.947385e+02
2.081843e+01 2.218445e+01 5.947135e+02
2.081756e+01 2.256907e+01 5.946886e+02
2.081669e+01 2.295359e+01 5.946636e+02
2.081581e+01 2.333812e+01 5.946386e+02
2.081494e+01 2.372254e+01 5.946137e+02
2.081407e+01 2.410707e+01 5.945887e+02
2.081319e+01 2.449149e+01 5.945637e+02
2.081144e+01 2.526024e+01 5.945138e+02
2.081057e+01 2.564446e+01 5.944889e+02
2.123856e+01 9.091141e+00 5.956622e+02
2.123767e+01 9.476882e+00 5.956371e+02
2.123410e+01 1.101952e+01 5.955370e+02
2.123231e+01 1.179064e+01 5.954869e+02
2.123052e+01 1.256164e+01 5.954368e+02
2.122963e+01 1.294708e+01 5.954118e+02
2.122874e+01 1.333250e+01 5.953868e+02
2.122784e+01 1.371789e+01 5.953617e+02
2.122696e+01 1.410324e+01 5.953367e+02
2.122517e+01 1.487384e+01 5.952867e+02
2.122339e+01 1.564432e+01 5.952366e+02
2.122249e+01 1.602951e+01 5.952116e+02
2.122160e+01 1.641467e+01 5.951866e+02
2.122071e+01 1.679979e+01 5.951616e+02
2.121982e+01 1.718488e+01 5.951366e+02
2.121804e+01 1.795497e+01 5.950866e+02
2.121714e+01 1.833997e+01 5.950616e+02
2.121537e+01 1.910988e+01 5.950116e+02
2.121358e+01 1.987962e+01 5.949616e+02
2.164818e+01 9.832504e-01 5.962873e+02
2.164088e+01 4.074237e+00 5.960866e+02
2.163998e+01 4.460467e+00 5.960615e+02
2.163633e+01 6.005047e+00 5.959612e+02
2.163542e+01 6.391107e+00 5.959361e+02
2.163451e+01 6.777137e+00 5.959111e+02
2.163360e+01 7.163137e+00 5.958860e+02
2.163270e+01 7.549108e+00 5.958609e+02
2.163178e+01 7.935038e+00 5.958358e+02
2.163087e+01 8.320939e+00 5.958108e+02
2.162996e+01 8.706809e+00 5.957857e+02
2.162723e+01 9.864221e+00 5.957106e+02
2.162632e+01 1.024996e+01 5.956855e+02
2.162541e+01 1.063566e+01 5.956605e+02
2.162359e+01 1.140699e+01 5.956104e+02
2.203821e+01 1.369963e+00 5.963609e+02
2.203728e+01 1.756482e+00 5.963358e+02
2.203636e+01 2.142972e+00 5.963107e+02
2.203543e+01 2.529421e+00 5.962856e+02
2.203450e+01 2.915840e+00 5.962605e+02
2.203358e+01 3.302230e+00 5.962354e+02
2.203265e+01 3.688589e+00 5.962103e+02
2.202987e+01 4.847458e+00 5.961351e+02
2.202894e+01 5.233688e+00 5.961100e+02
2.202802e+01 5.619878e+00 5.960849e+02
2.329428e+01 -3.122971e+01 5.987759e+02
2.329231e+01 -3.045082e+01 5.987253e+02
2.328936e+01 -2.928273e+01 5.986494e+02
2.328641e+01 -2.811494e+01 5.985735e+02
2.328542e+01 -2.772575e+01 5.985482e+02
2.328444e+01 -2.733658e+01 5.985229e+02
2.328345e+01 -2.694745e+01 5.984976e+02
2.370820e+01 -3.942256e+01 5.994076e+02
2.370721e+01 -3.903234e+01 5.993823e+02
2.370620e+01 -3.864216e+01 5.993569e+02
2.370520e+01 -3.825201e+01 5.993316e+02
2.370419e+01 -3.786189e+01 5.993062e+02
2.370320e+01 -3.747181e+01 5.992808e+02
2.370219e+01 -3.708174e+01 5.992555e+02
2.370119e+01 -3.669172e+01 5.992301e+02
2.370018e+01 -3.630174e+01 5.992048e+02
2.369918e+01 -3.591179e+01 5.991794e+02
2.369818e+01 -3.552187e+01 5.991541e+02
2.369718e+01 -3.513197e+01 5.991287e+02
2.369618e+01 -3.474212e+01 5.991034e+02
2.369518e+01 -3.435230e+01 5.990781e+02
2.369416e+01 -3.396251e+01 5.990527e+02
2.369316e+01 -3.357275e+01 5.990274e+02
2.369217e+01 -3.318302e+01 5.990021e+02
2.369117e+01 -3.279333e+01 5.989767e+02
2.369016e+01 -3.240368e+01 5.989514e+02
2.368916e+01 -3.201406e+01 5.989261e+02
2.368816e+01 -3.162446e+01 5.989008e+02
2.368616e+01 -3.084538e+01 5.988501e+02
2.368415e+01 -3.006642e+01 5.987995e+02
2.368315e+01 -2.967700e+01 5.987742e+02
2.368115e+01 -2.889824e+01 5.987236e+02
2.368015e+01 -2.850891e+01 5.986982e+02
2.412608e+01 -4.880586e+01 6.001170e+02
2.412505e+01 -4.841478e+01 6.000915e+02
2.412403e+01 -4.802373e+01 6.000661e+02
2.412301e+01 -4.763272e+01 6.000407e+02
2.412199e+01 -4.724174e+01 6.000153e+02
2.412096e+01 -4.685080e+01 5.999899e+02
2.411994e+01 -4.645989e+01 5.999645e+02
2.411892e+01 -4.606901e+01 5.999390e+02
2.411790e+01 -4.567816e+01 5.999136e+02
2.411687e+01 -4.528735e+01 5.998882e+02
2.411585e+01 -4.489657e+01 5.998628e+02
2.411483e+01 -4.450582e+01 5.998374e+02
2.411381e+01 -4.411511e+01 5.998120e+02
2.411279e+01 -4.372443e+01 5.997866e+02
2.411177e+01 -4.333378e+01 5.997612e+02
2.411075e+01 -4.294317e+01 5.997358e+02
2.410973e+01 -4.255258e+01 5.997104e+02
2.410871e+01 -4.216204e+01 5.996850e+02
2.410769e+01 -4.177152e+01 5.996597e+02
2.410666e+01 -4.138104e+01 5.996343e+02
2.410565e+01 -4.099059e+01 5.996089e+02
2.410463e+01 -4.060018e+01 5.995835e+02
2.410360e+01 -4.020980e+01 5.995581e+02
2.410259e+01 -3.981945e+01 5.995328e+02
2.453660e+01 -5.507680e+01 6.006242e+02
2.453556e+01 -5.468512e+01 6.005987e+02
2.453452e+01 -5.429348e+01 6.005732e+02
2.453348e+01 -5.390187e+01 6.005478e+02
2.453244e+01 -5.351030e+01 6.005223e+02
2.453140e+01 -5.311876e+01 6.004968e+02
2.453037e+01 -5.272725e+01 6.004714e+02
2.452933e+01 -5.233578e+01 6.004459e+02
2.452828e+01 -5.194433e+01 6.004205e+02
2.452724e+01 -5.155292e+01 6.003950e+02
2.452621e+01 -5.116155e+01 6.003696e+02
2.452516e+01 -5.077020e+01 6.003441e+02
2.452412e+01 -5.037889e+01 6.003187e+02
2.452309e+01 -4.998763e+01 6.002933e+02
2.452204e+01 -4.959638e+01 6.002678e+02
2.452101e+01 -4.920517e+01 6.002424e+02
2.620576e+01 -8.736599e+01 6.031234e+02
2.620465e+01 -8.697131e+01 6.030978e+02
2.620353e+01 -8.657667e+01 6.030721e+02
2.620242e+01 -8.618206e+01 6.030464e+02
2.620130e+01 -8.578748e+01 6.030207e+02
2.620018e+01 -8.539293e+01 6.029951e+02
2.619907e+01 -8.499842e+01 6.029694e+02
2.619795e+01 -8.460395e+01 6.029437e+02
2.619683e+01 -8.420950e+01 6.029181e+02
2.663033e+01 -9.726021e+01 6.038674e+02
2.662806e+01 -9.646906e+01 6.038159e+02
2.662579e+01 -9.567806e+01 6.037644e+02
2.662466e+01 -9.528260e+01 6.037387e+02
2.662352e+01 -9.488719e+01 6.037129e+02
2.662238e+01 -9.449180e+01 6.036872e+02
2.662125e+01 -9.409644e+01 6.036615e+02
2.662012e+01 -9.370112e+01 6.036357e+02
2.661898e+01 -9.330584e+01 6.036100e+02
2.661785e+01 -9.291059e+01 6.035843e+02
2.661672e+01 -9.251537e+01 6.035586e+02
2.661445e+01 -9.172504e+01 6.035071e+02
2.661331e+01 -9.132993e+01 6.034814e+02
2.661218e+01 -9.093485e+01 6.034557e+02
2.661104e+01 -9.053980e+01 6.034300e+02
2.660991e+01 -9.014478e+01 6.034043e+02
2.660878e+01 -8.974980e+01 6.033786e+02
2.660764e+01 -8.935485e+01 6.033529e+02
2.660651e+01 -8.895994e+01 6.033272e+02
2.660538e+01 -8.856506e+01 6.033015e+02
2.660425e+01 -8.817021e+01 6.032758e+02
2.660311e+01 -8.777540e+01 6.032501e+02
2.705594e+01 -1.071789e+02 6.046131e+02
2.705248e+01 -1.059894e+02 6.045357e+02
2.704902e+01 -1.048004e+02 6.044583e+02
2.704671e+01 -1.040078e+02 6.044067e+02
2.704556e+01 -1.036116e+02 6.043809e+02
2.704210e+01 -1.024231e+02 6.043036e+02
2.704094e+01 -1.020270e+02 6.042778e+02
2.703979e+01 -1.016309e+02 6.042520e+02
2.703864e+01 -1.012349e+02 6.042262e+02
2.703749e+01 -1.008389e+02 6.042004e+02
2.703633e+01 -1.004430e+02 6.041747e+02
2.703518e+01 -1.000470e+02 6.041489e+02
2.703402e+01 -9.965114e+01 6.041231e+02
2.703287e+01 -9.925529e+01 6.040974e+02
2.703172e+01 -9.885946e+01 6.040716e+02
2.703057e+01 -9.846367e+01 6.040458e+02
2.702942e+01 -9.806792e+01 6.040201e+02
2.702826e+01 -9.767219e+01 6.039943e+02
2.702596e+01 -9.688085e+01 6.039428e+02
2.702365e+01 -9.608964e+01 6.038913e+02
2.746384e+01 -1.107675e+02 6.049470e+02
2.746266e+01 -1.103706e+02 6.049212e+02
2.746150e+01 -1.099738e+02 6.048953e+02
2.746033e+01 -1.095769e+02 6.048695e+02
2.745915e+01 -1.091802e+02 6.048437e+02
2.745798e+01 -1.087834e+02 6.048179e+02
2.745681e+01 -1.083867e+02 6.047920e+02
2.745564e+01 -1.079901e+02 6.047662e+02
2.745446e+01 -1.075934e+02 6.047404e+02
2.745211e+01 -1.068003e+02 6.046888e+02
2.745095e+01 -1.064037e+02 6.046629e+02
2.744860e+01 -1.056108e+02 6.046113e+02
2.744743e+01 -1.052143e+02 6.045855e+02
2.744508e+01 -1.044216e+02 6.045339e+02
2.744158e+01 -1.032327e+02 6.044565e+02
2.744040e+01 -1.028365e+02 6.044307e+02
2.788887e+01 -1.199250e+02 6.056436e+02
2.788409e+01 -1.183344e+02 6.055401e+02
2.788290e+01 -1.179368e+02 6.055142e+02
2.788171e+01 -1.175392e+02 6.054883e+02
2.788052e+01 -1.171417e+02 6.054624e+02
2.787933e+01 -1.167442e+02 6.054365e+02
2.787814e+01 -1.163468e+02 6.054106e+02
2.787695e+01 -1.159494e+02 6.053848e+02
2.787575e+01 -1.155520e+02 6.053589e+02
2.787456e+01 -1.151546e+02 6.053330e+02
2.787338e+01 -1.147573e+02 6.053072e+02
2.787218e+01 -1.143600e+02 6.052813e+02
2.787099e+01 -1.139628e+02 6.052554e+02
2.786980e+01 -1.135656e+02 6.052296e+02
2.786861e+01 -1.131684e+02 6.052037e+02
2.786742e+01 -1.127713e+02 6.051779e+02
2.786623e+01 -1.123742e+02 6.051520e+02
2.786504e+01 -1.119771e+02 6.051261e+02
2.786385e+01 -1.115800e+02 6.051003e+02
2.786265e+01 -1.111830e+02 6.050744e+02
2.830761e+01 -1.267128e+02 6.061861e+02
2.830518e+01 -1.259161e+02 6.061343e+02
2.830276e+01 -1.251195e+02 6.060824e+02
2.830155e+01 -1.247213e+02 6.060565e+02
2.830033e+01 -1.243231e+02 6.060305e+02
2.829912e+01 -1.239249e+02 6.060046e+02
2.829792e+01 -1.235268e+02 6.059787e+02
2.829670e+01 -1.231287e+02 6.059528e+02
2.829549e+01 -1.227307e+02 6.059268e+02
2.829428e+01 -1.223326e+02 6.059009e+02
2.829307e+01 -1.219346e+02 6.058750e+02
2.829186e+01 -1.215367e+02 6.058491e+02
2.829065e+01 -1.211388e+02 6.058232e+02
2.828944e+01 -1.207409e+02 6.057973e+02
2.828824e+01 -1.203430e+02 6.057714e+02
2.828581e+01 -1.195474e+02 6.057195e+02
2.828460e+01 -1.191497e+02 6.056936e+02
2.828340e+01 -1.187519e+02 6.056677e+02
2.872708e+01 -1.335127e+02 6.067296e+02
2.872463e+01 -1.327147e+02 6.066777e+02
2.872217e+01 -1.319169e+02 6.066257e+02
2.872093e+01 -1.315180e+02 6.065997e+02
2.871971e+01 -1.311192e+02 6.065738e+02
2.871847e+01 -1.307203e+02 6.065478e+02
2.871725e+01 -1.303216e+02 6.065218e+02
2.871602e+01 -1.299228e+02 6.064958e+02
2.871479e+01 -1.295241e+02 6.064699e+02
2.871356e+01 -1.291254e+02 6.064439e+02
2.871233e+01 -1.287268e+02 6.064179e+02
2.871110e+01 -1.283282e+02 6.063920e+02
2.870987e+01 -1.279296e+02 6.063660e+02
2.870865e+01 -1.275311e+02 6.063401e+02
2.870742e+01 -1.271326e+02 6.063141e+02
2.870496e+01 -1.263357e+02 6.062622e+02
2.870250e+01 -1.255389e+02 6.062103e+02
2.915232e+01 -1.419239e+02 6.073783e+02
2.914858e+01 -1.407246e+02 6.073002e+02
2.914358e+01 -1.391260e+02 6.071960e+02
2.914108e+01 -1.383269e+02 6.071440e+02
2.913984e+01 -1.379274e+02 6.071179e+02
2.913858e+01 -1.375279e+02 6.070919e+02
2.913733e+01 -1.371285e+02 6.070659e+02
2.913608e+01 -1.367291e+02 6.070399e+02
2.913483e+01 -1.363298e+02 6.070139e+02
2.913358e+01 -1.359304e+02 6.069879e+02
2.913234e+01 -1.355312e+02 6.069619e+02
2.913109e+01 -1.351319e+02 6.069358e+02
2.912984e+01 -1.347327e+02 6.069098e+02
2.912859e+01 -1.343335e+02 6.068838e+02
2.912735e+01 -1.339343e+02 6.068578e+02
2.912485e+01 -1.331361e+02 6.068058e+02
2.912235e+01 -1.323381e+02 6.067539e+02
2.954170e+01 -1.387498e+02 6.072723e+02
