3.212754e+01 -1.739733e+02 5.267833e+02
3.212631e+01 -1.736251e+02 5.267631e+02
3.212508e+01 -1.732770e+02 5.267428e+02
3.212384e+01 -1.729289e+02 5.267226e+02
3.212260e+01 -1.725808e+02 5.267023e+02
3.211890e+01 -1.715367e+02 5.266416e+02
3.211766e+01 -1.711887e+02 5.266214e+02
3.211644e+01 -1.708408e+02 5.266011e+02
3.211520e+01 -1.704929e+02 5.265809e+02
3.211396e+01 -1.701450e+02 5.265607e+02
3.211273e+01 -1.697971e+02 5.265404e+02
3.210779e+01 -1.684059e+02 5.264595e+02
3.210657e+01 -1.680582e+02 5.264393e+02
3.210533e+01 -1.677105e+02 5.264191e+02
3.244278e+01 -1.673460e+02 5.263463e+02
3.243904e+01 -1.663033e+02 5.262856e+02
3.243780e+01 -1.659557e+02 5.262654e+02
3.243655e+01 -1.656082e+02 5.262452e+02
3.243531e+01 -1.652607e+02 5.262250e+02
3.243406e+01 -1.649133e+02 5.262048e+02
3.243033e+01 -1.638711e+02 5.261442e+02
3.242908e+01 -1.635237e+02 5.261240e+02
3.242784e+01 -1.631764e+02 5.261038e+02
3.242659e+01 -1.628291e+02 5.260836e+02
3.242534e+01 -1.624818e+02 5.260634e+02
3.242162e+01 -1.614402e+02 5.260028e+02
3.242036e+01 -1.610930e+02 5.259826e+02
3.241912e+01 -1.607459e+02 5.259624e+02
3.241788e+01 -1.603987e+02 5.259423e+02
3.241664e+01 -1.600517e+02 5.259221e+02
3.241415e+01 -1.593576e+02 5.258817e+02
3.241166e+01 -1.586636e+02 5.258413e+02
3.241041e+01 -1.583166e+02 5.258212e+02
3.240917e+01 -1.579697e+02 5.258010e+02
3.240668e+01 -1.572759e+02 5.257607e+02
3.240544e+01 -1.569291e+02 5.257405e+02
3.240420e+01 -1.565823e+02 5.257203e+02
3.240047e+01 -1.555420e+02 5.256598e+02
3.239674e+01 -1.545019e+02 5.255993e+02
3.239053e+01 -1.527690e+02 5.254986e+02
3.275122e+01 -1.589947e+02 5.258090e+02
3.274117e+01 -1.562199e+02 5.256477e+02
3.273991e+01 -1.558732e+02 5.256275e+02
3.273614e+01 -1.548331e+02 5.255671e+02
3.273363e+01 -1.541399e+02 5.255267e+02
3.273237e+01 -1.537933e+02 5.255066e+02
3.273111e+01 -1.534468e+02 5.254864e+02
3.272735e+01 -1.524073e+02 5.254260e+02
3.272610e+01 -1.520609e+02 5.254059e+02
3.272485e+01 -1.517145e+02 5.253857e+02
3.272359e+01 -1.513681e+02 5.253656e+02
3.272234e+01 -1.510217e+02 5.253454e+02
3.272108e+01 -1.506754e+02 5.253253e+02
3.271983e+01 -1.503291e+02 5.253052e+02
3.271857e+01 -1.499828e+02 5.252850e+02
3.271732e+01 -1.496365e+02 5.252649e+02
3.271607e+01 -1.492903e+02 5.252448e+02
3.271481e+01 -1.489441e+02 5.252246e+02
3.271355e+01 -1.485979e+02 5.252045e+02
3.271231e+01 -1.482518e+02 5.251844e+02
3.271105e+01 -1.479057e+02 5.251643e+02
3.270980e+01 -1.475596e+02 5.251441e+02
3.362258e+01 -1.206098e+02 5.234231e+02
3.362130e+01 -1.202659e+02 5.234031e+02
3.362001e+01 -1.199221e+02 5.233831e+02
3.361873e+01 -1.195782e+02 5.233632e+02
3.361745e+01 -1.192344e+02 5.233432e+02
3.361616e+01 -1.188906e+02 5.233232e+02
3.361488e+01 -1.185468e+02 5.233032e+02
3.361359e+01 -1.182031e+02 5.232832e+02
3.361231e+01 -1.178593e+02 5.232632e+02
3.361103e+01 -1.175156e+02 5.232433e+02
3.360975e+01 -1.171720e+02 5.232233e+02
3.360846e+01 -1.168283e+02 5.232033e+02
3.360718e+01 -1.164847e+02 5.231833e+02
3.360590e+01 -1.161411e+02 5.231634e+02
3.360333e+01 -1.154540e+02 5.231234e+02
3.360205e+01 -1.151105e+02 5.231035e+02
3.360077e+01 -1.147671e+02 5.230835e+02
3.359948e+01 -1.144236e+02 5.230635e+02
3.394106e+01 -1.157861e+02 5.230914e+02
3.393458e+01 -1.140688e+02 5.229916e+02
3.393328e+01 -1.137255e+02 5.229717e+02
3.393199e+01 -1.133821e+02 5.229517e+02
3.393069e+01 -1.130388e+02 5.229318e+02
3.392940e+01 -1.126955e+02 5.229118e+02
3.392810e+01 -1.123523e+02 5.228919e+02
3.392681e+01 -1.120090e+02 5.228719e+02
3.392552e+01 -1.116658e+02 5.228520e+02
3.392422e+01 -1.113226e+02 5.228320e+02
3.392292e+01 -1.109794e+02 5.228121e+02
3.392164e+01 -1.106363e+02 5.227921e+02
3.392034e+01 -1.102932e+02 5.227722e+02
3.391904e+01 -1.099501e+02 5.227522e+02
3.391775e+01 -1.096071e+02 5.227323e+02
3.391646e+01 -1.092640e+02 5.227124e+02
3.391516e+01 -1.089210e+02 5.226924e+02
3.391387e+01 -1.085781e+02 5.226725e+02
3.391258e+01 -1.082351e+02 5.226526e+02
3.391128e+01 -1.078922e+02 5.226326e+02
3.390740e+01 -1.068636e+02 5.225728e+02
3.390611e+01 -1.065207e+02 5.225529e+02
3.424606e+01 -1.075386e+02 5.225608e+02
3.424476e+01 -1.071958e+02 5.225409e+02
3.424084e+01 -1.061674e+02 5.224812e+02
3.423954e+01 -1.058247e+02 5.224612e+02
3.423823e+01 -1.054820e+02 5.224413e+02
3.423693e+01 -1.051393e+02 5.224214e+02
3.423562e+01 -1.047966e+02 5.224015e+02
3.423432e+01 -1.044540e+02 5.223816e+02
3.423300e+01 -1.041114e+02 5.223617e+02
3.423170e+01 -1.037688e+02 5.223418e+02
3.423039e+01 -1.034263e+02 5.223218e+02
3.422909e+01 -1.030837e+02 5.223019e+02
3.422779e+01 -1.027412e+02 5.222820e+02
3.422648e+01 -1.023988e+02 5.222621e+02
3.422518e+01 -1.020563e+02 5.222422e+02
3.422127e+01 -1.010291e+02 5.221825e+02
3.421605e+01 -9.965993e+01 5.221030e+02
3.421345e+01 -9.897549e+01 5.220632e+02
3.421215e+01 -9.863330e+01 5.220433e+02
3.455966e+01 -1.017038e+02 5.221706e+02
3.455835e+01 -1.013615e+02 5.221507e+02
3.455571e+01 -1.006768e+02 5.221109e+02
3.455440e+01 -1.003345e+02 5.220910e+02
3.455308e+01 -9.999229e+01 5.220711e+02
3.455045e+01 -9.930786e+01 5.220313e+02
3.454650e+01 -9.828141e+01 5.219717e+02
3.454518e+01 -9.793931e+01 5.219518e+02
3.454387e+01 -9.759722e+01 5.219319e+02
3.454256e+01 -9.725518e+01 5.219120e+02
3.454124e+01 -9.691316e+01 5.218922e+02
3.453993e+01 -9.657117e+01 5.218723e+02
3.453861e+01 -9.622920e+01 5.218524e+02
3.453730e+01 -9.588726e+01 5.218326e+02
3.453598e+01 -9.554534e+01 5.218127e+02
3.453467e+01 -9.520345e+01 5.217928e+02
3.453335e+01 -9.486158e+01 5.217729e+02
3.576593e+01 -6.756979e+01 5.199831e+02
3.576457e+01 -6.723016e+01 5.199634e+02
3.576321e+01 -6.689056e+01 5.199437e+02
3.576186e+01 -6.655097e+01 5.199239e+02
3.576050e+01 -6.621141e+01 5.199042e+02
3.575914e+01 -6.587189e+01 5.198845e+02
3.575778e+01 -6.553239e+01 5.198648e+02
3.575643e+01 -6.519292e+01 5.198451e+02
3.575507e+01 -6.485346e+01 5.198253e+02
3.575372e+01 -6.451404e+01 5.198056e+02
3.575236e+01 -6.417464e+01 5.197859e+02
3.575101e+01 -6.383526e+01 5.197662e+02
3.574964e+01 -6.349592e+01 5.197465e+02
3.574829e+01 -6.315659e+01 5.197268e+02
3.574694e+01 -6.281730e+01 5.197071e+02
3.574558e+01 -6.247803e+01 5.196873e+02
3.574423e+01 -6.213879e+01 5.196676e+02
3.574288e+01 -6.179957e+01 5.196479e+02
3.574151e+01 -6.146037e+01 5.196282e+02
3.574016e+01 -6.112121e+01 5.196085e+02
3.573881e+01 -6.078206e+01 5.195888e+02
3.573610e+01 -6.010386e+01 5.195494e+02
3.573474e+01 -5.976479e+01 5.195297e+02
3.573339e+01 -5.942576e+01 5.195100e+02
3.607138e+01 -6.043699e+01 5.195179e+02
3.606591e+01 -5.908091e+01 5.194391e+02
3.606455e+01 -5.874197e+01 5.194194e+02
3.606318e+01 -5.840303e+01 5.193998e+02
3.606181e+01 -5.806413e+01 5.193801e+02
3.606045e+01 -5.772526e+01 5.193604e+02
3.605908e+01 -5.738640e+01 5.193407e+02
3.605772e+01 -5.704758e+01 5.193210e+02
3.605634e+01 -5.670878e+01 5.193013e+02
3.605498e+01 -5.637001e+01 5.192817e+02
3.605361e+01 -5.603125e+01 5.192620e+02
3.605225e+01 -5.569254e+01 5.192423e+02
3.605088e+01 -5.535384e+01 5.192226e+02
3.604952e+01 -5.501516e+01 5.192030e+02
3.604815e+01 -5.467652e+01 5.191833e+02
3.604678e+01 -5.433790e+01 5.191636e+02
3.604542e+01 -5.399931e+01 5.191440e+02
3.604405e+01 -5.366073e+01 5.191243e+02
3.604269e+01 -5.332220e+01 5.191046e+02
3.604132e+01 -5.298368e+01 5.190850e+02
3.603996e+01 -5.264518e+01 5.190653e+02
3.603860e+01 -5.230672e+01 5.190457e+02
3.603723e+01 -5.196828e+01 5.190260e+02
3.603587e+01 -5.162987e+01 5.190063e+02
3.603450e+01 -5.129147e+01 5.189867e+02
3.603313e+01 -5.095311e+01 5.189670e+02
3.603177e+01 -5.061478e+01 5.189474e+02
3.603041e+01 -5.027646e+01 5.189277e+02
3.602904e+01 -4.993817e+01 5.189081e+02
3.602768e+01 -4.959991e+01 5.188884e+02
3.602631e+01 -4.926168e+01 5.188688e+02
3.602496e+01 -4.892347e+01 5.188491e+02
3.602359e+01 -4.858533e+01 5.188295e+02
3.602086e+01 -4.790897e+01 5.187902e+02
3.601950e+01 -4.757085e+01 5.187706e+02
3.601813e+01 -4.723282e+01 5.187509e+02
3.601677e+01 -4.689479e+01 5.187313e+02
3.601541e+01 -4.655676e+01 5.187117e+02
3.601404e+01 -4.621873e+01 5.186920e+02
3.601268e+01 -4.588071e+01 5.186724e+02
3.601132e+01 -4.554278e+01 5.186528e+02
3.600995e+01 -4.520485e+01 5.186332e+02
3.600859e+01 -4.486692e+01 5.186135e+02
3.600723e+01 -4.452909e+01 5.185939e+02
3.600587e+01 -4.419126e+01 5.185743e+02
3.600450e+01 -4.385344e+01 5.185547e+02
3.600314e+01 -4.351561e+01 5.185350e+02
3.599633e+01 -4.182696e+01 5.184370e+02
3.635564e+01 -4.824238e+01 5.187588e+02
3.633501e+01 -4.317356e+01 5.184644e+02
3.633364e+01 -4.283583e+01 5.184448e+02
3.633226e+01 -4.249820e+01 5.184252e+02
3.633089e+01 -4.216047e+01 5.184055e+02
3.632814e+01 -4.148521e+01 5.183663e+02
3.632677e+01 -4.114769e+01 5.183467e+02
3.632539e+01 -4.081006e+01 5.183271e+02
3.632402e+01 -4.047253e+01 5.183075e+02
3.632264e+01 -4.013500e+01 5.182879e+02
3.653825e+01 -1.153844e+01 5.165765e+02
3.687157e+01 -1.187255e+01 5.165453e+02
3.686879e+01 -1.120208e+01 5.165064e+02
3.686740e+01 -1.086685e+01 5.164869e+02
3.686601e+01 -1.053162e+01 5.164674e+02
3.686462e+01 -1.019638e+01 5.164480e+02
3.686323e+01 -9.861250e+00 5.164285e+02
3.686184e+01 -9.526117e+00 5.164091e+02
3.686046e+01 -9.190984e+00 5.163896e+02
3.685907e+01 -8.855951e+00 5.163701e+02
3.685768e+01 -8.520818e+00 5.163507e+02
3.685629e+01 -8.185784e+00 5.163312e+02
3.685490e+01 -7.850851e+00 5.163118e+02
3.685351e+01 -7.515817e+00 5.162923e+02
3.685213e+01 -7.180884e+00 5.162729e+02
3.685073e+01 -6.845950e+00 5.162534e+02
3.684934e+01 -6.511017e+00 5.162340e+02
3.684795e+01 -6.176183e+00 5.162145e+02
3.684657e+01 -5.841350e+00 5.161951e+02
3.684518e+01 -5.506516e+00 5.161757e+02
3.684379e+01 -5.171682e+00 5.161562e+02
3.684241e+01 -4.836849e+00 5.161368e+02
3.684102e+01 -4.502115e+00 5.161173e+02
3.683963e+01 -4.167381e+00 5.160979e+02
3.683825e+01 -3.832647e+00 5.160785e+02
3.683686e+01 -3.498013e+00 5.160590e+02
3.683548e+01 -3.163379e+00 5.160396e+02
3.683408e+01 -2.828745e+00 5.160202e+02
3.683269e+01 -2.494111e+00 5.160007e+02
3.683131e+01 -2.159577e+00 5.159813e+02
3.682992e+01 -1.824943e+00 5.159619e+02
3.682854e+01 -1.490409e+00 5.159425e+02
3.682715e+01 -1.155975e+00 5.159230e+02
3.682577e+01 -8.214407e-01 5.159036e+02
3.682437e+01 -4.870063e-01 5.158842e+02
3.682299e+01 -1.525720e-01 5.158648e+02
3.682160e+01 1.818623e-01 5.158453e+02
3.682022e+01 5.161968e-01 5.158259e+02
3.681883e+01 8.505313e-01 5.158065e+02
3.681745e+01 1.184866e+00 5.157871e+02
3.681607e+01 1.519200e+00 5.157677e+02
3.681329e+01 2.187670e+00 5.157289e+02
3.681191e+01 2.521904e+00 5.157095e+02
3.680775e+01 3.524508e+00 5.156513e+02
3.680636e+01 3.858543e+00 5.156319e+02
3.680498e+01 4.192678e+00 5.156125e+02
3.714605e+01 1.853268e+00 5.156978e+02
3.714186e+01 2.855872e+00 5.156396e+02
3.714046e+01 3.190007e+00 5.156202e+02
3.713487e+01 4.526347e+00 5.155426e+02
3.713347e+01 4.860382e+00 5.155232e+02
3.713207e+01 5.194317e+00 5.155038e+02
3.713068e+01 5.528352e+00 5.154844e+02
3.712928e+01 5.862287e+00 5.154650e+02
3.712789e+01 6.196122e+00 5.154456e+02
3.712649e+01 6.530058e+00 5.154263e+02
3.712510e+01 6.863893e+00 5.154069e+02
3.712369e+01 7.197728e+00 5.153875e+02
3.712230e+01 7.531564e+00 5.153681e+02
3.712090e+01 7.865399e+00 5.153487e+02
3.711951e+01 8.199135e+00 5.153293e+02
3.711811e+01 8.532870e+00 5.153100e+02
3.711672e+01 8.866606e+00 5.152906e+02
3.711532e+01 9.200341e+00 5.152712e+02
3.711393e+01 9.533977e+00 5.152518e+02
3.711253e+01 9.867613e+00 5.152325e+02
3.711113e+01 1.020125e+01 5.152131e+02
3.710974e+01 1.053478e+01 5.151937e+02
3.710834e+01 1.086842e+01 5.151744e+02
3.710695e+01 1.120196e+01 5.151550e+02
3.710555e+01 1.153539e+01 5.151356e+02
3.710417e+01 1.186893e+01 5.151163e+02
3.710277e+01 1.220236e+01 5.150969e+02
3.710137e+01 1.253580e+01 5.150776e+02
3.709998e+01 1.286924e+01 5.150582e+02
3.709858e+01 1.320267e+01 5.150388e+02
3.709719e+01 1.353601e+01 5.150195e+02
3.709579e+01 1.386934e+01 5.150001e+02
3.709441e+01 1.420268e+01 5.149808e+02
3.709301e+01 1.453592e+01 5.149614e+02
3.709161e+01 1.486925e+01 5.149421e+02
3.709022e+01 1.520249e+01 5.149227e+02
3.708883e+01 1.553573e+01 5.149034e+02
3.708743e+01 1.586886e+01 5.148840e+02
3.762740e+01 4.442125e+01 5.131258e+02
3.762599e+01 4.475219e+01 5.131066e+02
3.762458e+01 4.508313e+01 5.130874e+02
3.762317e+01 4.541407e+01 5.130681e+02
3.762176e+01 4.574491e+01 5.130489e+02
3.762035e+01 4.607585e+01 5.130297e+02
3.761894e+01 4.640669e+01 5.130105e+02
3.761754e+01 4.673743e+01 5.129913e+02
3.761612e+01 4.706827e+01 5.129721e+02
3.761472e+01 4.739901e+01 5.129529e+02
3.761191e+01 4.806049e+01 5.129145e+02
3.761049e+01 4.839113e+01 5.128953e+02
3.760909e+01 4.872177e+01 5.128761e+02
3.760768e+01 4.905241e+01 5.128569e+02
3.759924e+01 5.103576e+01 5.127418e+02
3.759361e+01 5.235742e+01 5.126651e+02
3.794279e+01 4.772510e+01 5.128838e+02
3.793570e+01 4.937820e+01 5.127878e+02
3.793428e+01 4.970874e+01 5.127686e+02
3.793286e+01 5.003928e+01 5.127495e+02
3.793144e+01 5.036982e+01 5.127303e+02
3.793002e+01 5.070026e+01 5.127111e+02
3.792718e+01 5.136125e+01 5.126727e+02
3.792577e+01 5.169159e+01 5.126536e+02
3.792435e+01 5.202203e+01 5.126344e+02
3.792151e+01 5.268271e+01 5.125960e+02
3.792009e+01 5.301295e+01 5.125769e+02
3.791867e+01 5.334330e+01 5.125577e+02
3.791725e+01 5.367354e+01 5.125385e+02
3.791584e+01 5.400378e+01 5.125193e+02
3.791442e+01 5.433402e+01 5.125002e+02
3.791300e+01 5.466416e+01 5.124810e+02
3.791158e+01 5.499430e+01 5.124619e+02
3.791017e+01 5.532445e+01 5.124427e+02
3.790875e+01 5.565459e+01 5.124235e+02
3.790733e+01 5.598463e+01 5.124044e+02
3.790591e+01 5.631467e+01 5.123852e+02
3.790449e+01 5.664471e+01 5.123661e+02
3.790308e+01 5.697475e+01 5.123469e+02
3.790167e+01 5.730480e+01 5.123277e+02
3.790025e+01 5.763474e+01 5.123086e+02
3.789883e+01 5.796468e+01 5.122894e+02
3.789741e+01 5.829452e+01 5.122703e+02
3.789600e+01 5.862446e+01 5.122511e+02
3.789458e+01 5.895431e+01 5.122320e+02
3.789316e+01 5.928415e+01 5.122129e+02
3.789174e+01 5.961399e+01 5.121937e+02
3.789033e+01 5.994373e+01 5.121746e+02
3.788891e+01 6.027348e+01 5.121554e+02
3.788750e+01 6.060322e+01 5.121363e+02
3.821502e+01 6.092701e+01 5.120674e+02
3.821359e+01 6.125675e+01 5.120482e+02
3.821217e+01 6.158640e+01 5.120291e+02
3.821073e+01 6.191594e+01 5.120100e+02
3.820930e+01 6.224558e+01 5.119908e+02
3.820788e+01 6.257512e+01 5.119717e+02
3.820645e+01 6.290467e+01 5.119526e+02
3.820502e+01 6.323411e+01 5.119335e+02
3.820359e+01 6.356365e+01 5.119143e+02
3.820217e+01 6.389310e+01 5.118952e+02
3.820075e+01 6.422254e+01 5.118761e+02
3.819932e+01 6.455198e+01 5.118570e+02
3.819789e+01 6.488132e+01 5.118379e+02
3.819646e+01 6.521067e+01 5.118188e+02
3.819504e+01 6.554001e+01 5.117996e+02
3.819362e+01 6.586935e+01 5.117805e+02
3.819218e+01 6.619870e+01 5.117614e+02
3.819076e+01 6.652794e+01 5.117423e+02
3.818933e+01 6.685718e+01 5.117232e+02
3.818790e+01 6.718643e+01 5.117041e+02
3.818648e+01 6.751557e+01 5.116850e+02
3.818506e+01 6.784471e+01 5.116659e+02
3.818363e+01 6.817386e+01 5.116468e+02
3.818220e+01 6.850300e+01 5.116277e+02
3.818078e+01 6.883214e+01 5.116086e+02
3.817936e+01 6.916119e+01 5.115895e+02
3.817792e+01 6.949023e+01 5.115704e+02
3.817650e+01 6.981927e+01 5.115513e+02
3.817508e+01 7.014822e+01 5.115322e+02
3.817365e+01 7.047716e+01 5.115131e+02
3.817223e+01 7.080611e+01 5.114940e+02
3.817081e+01 7.113505e+01 5.114749e+02
3.816937e+01 7.146399e+01 5.114558e+02
3.816795e+01 7.179284e+01 5.114367e+02
3.816653e+01 7.212168e+01 5.114177e+02
3.816368e+01 7.277927e+01 5.113795e+02
3.816226e+01 7.310811e+01 5.113604e+02
3.816083e+01 7.343686e+01 5.113413e+02
3.849355e+01 7.244348e+01 5.113489e+02
3.848781e+01 7.375836e+01 5.112726e+02
3.848637e+01 7.408710e+01 5.112535e+02
3.848493e+01 7.441574e+01 5.112345e+02
3.848350e+01 7.474429e+01 5.112154e+02
3.848206e+01 7.507293e+01 5.111963e+02
3.848063e+01 7.540148e+01 5.111773e+02
3.847919e+01 7.573002e+01 5.111582e+02
3.847776e+01 7.605857e+01 5.111391e+02
3.847633e+01 7.638711e+01 5.111201e+02
3.847489e+01 7.671556e+01 5.111010e+02
3.847346e+01 7.704400e+01 5.110819e+02
3.847202e+01 7.737244e+01 5.110629e+02
3.847058e+01 7.770079e+01 5.110438e+02
3.846915e+01 7.802923e+01 5.110248e+02
3.846772e+01 7.835758e+01 5.110057e+02
3.846628e+01 7.868582e+01 5.109867e+02
3.846485e+01 7.901417e+01 5.109676e+02
3.846341e+01 7.934241e+01 5.109486e+02
3.845911e+01 8.032715e+01 5.108914e+02
3.845768e+01 8.065529e+01 5.108724e+02
3.845625e+01 8.098344e+01 5.108533e+02
3.845481e+01 8.131158e+01 5.108343e+02
3.845337e+01 8.163973e+01 5.108152e+02
3.845195e+01 8.196778e+01 5.107962e+02
3.845051e+01 8.229582e+01 5.107772e+02
3.844908e+01 8.262387e+01 5.107581e+02
3.844764e+01 8.295191e+01 5.107391e+02
3.844478e+01 8.360780e+01 5.107010e+02
3.844334e+01 8.393575e+01 5.106820e+02
3.844192e+01 8.426369e+01 5.106630e+02
3.879009e+01 7.966301e+01 5.108800e+02
3.878865e+01 7.999116e+01 5.108609e+02
3.877420e+01 8.327181e+01 5.106706e+02
3.876842e+01 8.458340e+01 5.105944e+02
3.876697e+01 8.491114e+01 5.105754e+02
3.876553e+01 8.523899e+01 5.105564e+02
3.876408e+01 8.556673e+01 5.105374e+02
3.876264e+01 8.589448e+01 5.105184e+02
3.876119e+01 8.622222e+01 5.104994e+02
3.875975e+01 8.654997e+01 5.104803e+02
3.875831e+01 8.687762e+01 5.104613e+02
3.875686e+01 8.720526e+01 5.104423e+02
3.875542e+01 8.753291e+01 5.104233e+02
3.875398e+01 8.786055e+01 5.104043e+02
3.875253e+01 8.818810e+01 5.103853e+02
3.875109e+01 8.851575e+01 5.103663e+02
3.874965e+01 8.884319e+01 5.103473e+02
3.874820e+01 8.917074e+01 5.103283e+02
3.874676e+01 8.949829e+01 5.103093e+02
3.874532e+01 8.982573e+01 5.102903e+02
3.874388e+01 9.015318e+01 5.102713e+02
3.874243e+01 9.048052e+01 5.102523e+02
3.906863e+01 9.079913e+01 5.101838e+02
3.906718e+01 9.112648e+01 5.101648e+02
3.906573e+01 9.145382e+01 5.101459e+02
3.906427e+01 9.178107e+01 5.101269e+02
3.906282e+01 9.210832e+01 5.101079e+02
3.906137e+01 9.243556e+01 5.100889e+02
3.905991e+01 9.276281e+01 5.100699e+02
3.905845e+01 9.308996e+01 5.100509e+02
3.905700e+01 9.341710e+01 5.100319e+02
3.905555e+01 9.374425e+01 5.100130e+02
3.905409e+01 9.407140e+01 5.099940e+02
3.905264e+01 9.439854e+01 5.099750e+02
3.905119e+01 9.472559e+01 5.099560e+02
3.904973e+01 9.505264e+01 5.099371e+02
3.904828e+01 9.537959e+01 5.099181e+02
3.904683e+01 9.570663e+01 5.098991e+02
