2.899039e+01 1.458849e+02 6.122906e+02
2.899580e+01 1.463091e+02 6.124048e+02
2.900120e+01 1.467334e+02 6.125190e+02
2.924663e+01 1.659944e+02 6.177025e+02
2.925212e+01 1.664261e+02 6.178187e+02
2.925763e+01 1.668580e+02 6.179349e+02
2.926864e+01 1.677222e+02 6.181675e+02
2.927415e+01 1.681546e+02 6.182839e+02
2.890286e+01 1.083433e+02 6.021808e+02
2.891877e+01 1.095746e+02 6.025122e+02
2.892407e+01 1.099854e+02 6.026227e+02
2.892939e+01 1.103963e+02 6.027333e+02
2.893469e+01 1.108074e+02 6.028439e+02
2.895595e+01 1.124530e+02 6.032868e+02
2.896127e+01 1.128649e+02 6.033976e+02
2.896659e+01 1.132768e+02 6.035085e+02
2.897191e+01 1.136890e+02 6.036194e+02
2.898257e+01 1.145136e+02 6.038413e+02
2.898790e+01 1.149262e+02 6.039524e+02
2.899322e+01 1.153389e+02 6.040634e+02
2.899856e+01 1.157518e+02 6.041746e+02
2.900389e+01 1.161648e+02 6.042857e+02
2.900923e+01 1.165780e+02 6.043969e+02
2.901457e+01 1.169913e+02 6.045081e+02
2.901991e+01 1.174048e+02 6.046194e+02
2.902525e+01 1.178184e+02 6.047307e+02
2.903060e+01 1.182322e+02 6.048421e+02
2.903595e+01 1.186462e+02 6.049535e+02
2.904129e+01 1.190603e+02 6.050649e+02
2.904664e+01 1.194745e+02 6.051764e+02
2.905200e+01 1.198889e+02 6.052879e+02
2.905735e+01 1.203034e+02 6.053995e+02
2.906271e+01 1.207182e+02 6.055111e+02
2.906807e+01 1.211330e+02 6.056227e+02
2.907343e+01 1.215480e+02 6.057344e+02
2.907879e+01 1.219632e+02 6.058462e+02
2.908416e+01 1.223784e+02 6.059579e+02
2.908952e+01 1.227940e+02 6.060697e+02
2.909489e+01 1.232096e+02 6.061816e+02
2.910026e+01 1.236253e+02 6.062935e+02
2.910563e+01 1.240413e+02 6.064054e+02
2.911101e+01 1.244573e+02 6.065174e+02
2.911638e+01 1.248736e+02 6.066294e+02
2.912176e+01 1.252900e+02 6.067415e+02
2.912714e+01 1.257065e+02 6.068535e+02
2.913253e+01 1.261232e+02 6.069657e+02
2.913790e+01 1.265400e+02 6.070779e+02
2.914329e+01 1.269570e+02 6.071901e+02
2.914869e+01 1.273742e+02 6.073023e+02
2.915407e+01 1.277915e+02 6.074147e+02
2.915947e+01 1.282090e+02 6.075270e+02
2.916486e+01 1.286266e+02 6.076394e+02
2.917025e+01 1.290444e+02 6.077518e+02
2.917566e+01 1.294623e+02 6.078643e+02
2.918105e+01 1.298804e+02 6.079768e+02
2.918646e+01 1.302987e+02 6.080894e+02
2.919186e+01 1.307171e+02 6.082020e+02
2.919727e+01 1.311356e+02 6.083146e+02
2.920267e+01 1.315543e+02 6.084273e+02
2.920809e+01 1.319731e+02 6.085400e+02
2.921350e+01 1.323922e+02 6.086528e+02
2.921892e+01 1.328113e+02 6.087656e+02
2.922433e+01 1.332307e+02 6.088784e+02
2.922975e+01 1.336502e+02 6.089913e+02
2.923517e+01 1.340698e+02 6.091042e+02
2.924059e+01 1.344896e+02 6.092172e+02
2.924602e+01 1.349095e+02 6.093302e+02
2.925144e+01 1.353297e+02 6.094433e+02
2.925687e+01 1.357499e+02 6.095564e+02
2.926230e+01 1.361704e+02 6.096696e+02
2.926774e+01 1.365909e+02 6.097827e+02
2.927317e+01 1.370116e+02 6.098960e+02
2.927860e+01 1.374325e+02 6.100092e+02
2.928404e+01 1.378535e+02 6.101225e+02
2.928949e+01 1.382747e+02 6.102359e+02
2.929493e+01 1.386961e+02 6.103493e+02
2.930037e+01 1.391176e+02 6.104627e+02
2.930582e+01 1.395392e+02 6.105762e+02
2.931126e+01 1.399611e+02 6.106897e+02
2.931671e+01 1.403830e+02 6.108033e+02
2.932217e+01 1.408052e+02 6.109169e+02
2.932762e+01 1.412275e+02 6.110305e+02
2.933308e+01 1.416500e+02 6.111442e+02
2.933854e+01 1.420725e+02 6.112579e+02
2.934400e+01 1.424953e+02 6.113717e+02
2.934946e+01 1.429183e+02 6.114855e+02
2.935492e+01 1.433413e+02 6.115994e+02
2.936039e+01 1.437646e+02 6.117133e+02
2.936586e+01 1.441880e+02 6.118273e+02
2.937133e+01 1.446116e+02 6.119412e+02
2.937681e+01 1.450353e+02 6.120553e+02
2.938228e+01 1.454591e+02 6.121693e+02
2.940420e+01 1.471562e+02 6.126260e+02
2.940969e+01 1.475809e+02 6.127403e+02
2.941518e+01 1.480056e+02 6.128546e+02
2.942067e+01 1.484306e+02 6.129690e+02
2.942616e+01 1.488558e+02 6.130834e+02
2.943165e+01 1.492811e+02 6.131979e+02
2.943715e+01 1.497066e+02 6.133124e+02
2.944264e+01 1.501321e+02 6.134269e+02
2.944814e+01 1.505579e+02 6.135415e+02
2.945365e+01 1.509838e+02 6.136561e+02
2.945915e+01 1.514100e+02 6.137708e+02
2.946466e+01 1.518362e+02 6.138855e+02
2.947016e+01 1.522626e+02 6.140003e+02
2.947567e+01 1.526892e+02 6.141151e+02
2.948118e+01 1.531159e+02 6.142299e+02
2.948670e+01 1.535428e+02 6.143448e+02
2.949221e+01 1.539698e+02 6.144597e+02
2.949773e+01 1.543970e+02 6.145747e+02
2.950325e+01 1.548244e+02 6.146897e+02
2.950878e+01 1.552519e+02 6.148048e+02
2.951430e+01 1.556796e+02 6.149199e+02
2.951983e+01 1.561075e+02 6.150350e+02
2.952536e+01 1.565355e+02 6.151502e+02
2.953088e+01 1.569637e+02 6.152654e+02
2.953642e+01 1.573919e+02 6.153807e+02
2.954195e+01 1.578205e+02 6.154960e+02
2.954749e+01 1.582491e+02 6.156114e+02
2.955303e+01 1.586779e+02 6.157267e+02
2.955857e+01 1.591069e+02 6.158422e+02
2.956411e+01 1.595360e+02 6.159577e+02
2.956965e+01 1.599653e+02 6.160732e+02
2.957521e+01 1.603947e+02 6.161888e+02
2.958076e+01 1.608244e+02 6.163044e+02
2.958631e+01 1.612542e+02 6.164201e+02
2.959186e+01 1.616841e+02 6.165358e+02
2.959741e+01 1.621142e+02 6.166515e+02
2.960297e+01 1.625445e+02 6.167673e+02
2.960853e+01 1.629749e+02 6.168831e+02
2.961410e+01 1.634055e+02 6.169990e+02
2.961966e+01 1.638362e+02 6.171149e+02
2.962523e+01 1.642671e+02 6.172309e+02
2.963080e+01 1.646982e+02 6.173469e+02
2.963637e+01 1.651295e+02 6.174630e+02
2.964194e+01 1.655608e+02 6.175791e+02
2.966424e+01 1.672880e+02 6.180439e+02
2.878184e+01 6.924568e+01 5.916524e+02
2.878704e+01 6.964180e+01 5.917590e+02
2.879741e+01 7.043431e+01 5.919723e+02
2.880260e+01 7.083091e+01 5.920790e+02
2.880779e+01 7.122750e+01 5.921858e+02
2.881299e+01 7.162429e+01 5.922925e+02
2.881818e+01 7.202127e+01 5.923994e+02
2.882338e+01 7.241835e+01 5.925062e+02
2.882858e+01 7.281553e+01 5.926131e+02
2.883378e+01 7.321290e+01 5.927201e+02
2.883899e+01 7.361046e+01 5.928271e+02
2.884419e+01 7.400812e+01 5.929341e+02
2.884940e+01 7.440587e+01 5.930411e+02
2.926149e+01 1.058833e+02 6.015122e+02
2.926685e+01 1.062928e+02 6.016224e+02
2.927222e+01 1.067023e+02 6.017326e+02
2.927757e+01 1.071120e+02 6.018428e+02
2.928294e+01 1.075219e+02 6.019531e+02
2.928831e+01 1.079319e+02 6.020635e+02
2.929905e+01 1.087523e+02 6.022843e+02
2.930443e+01 1.091627e+02 6.023947e+02
2.933132e+01 1.112173e+02 6.029476e+02
2.933670e+01 1.116286e+02 6.030583e+02
2.934209e+01 1.120401e+02 6.031690e+02
2.936906e+01 1.140999e+02 6.037234e+02
2.672960e+01 -1.143974e+02 5.422254e+02
2.680482e+01 -1.087270e+02 5.437513e+02
2.682703e+01 -1.070532e+02 5.442018e+02
2.687155e+01 -1.036972e+02 5.451049e+02
2.688940e+01 -1.023517e+02 5.454670e+02
2.690280e+01 -1.013414e+02 5.457389e+02
2.690728e+01 -1.010044e+02 5.458296e+02
2.693412e+01 -9.898008e+01 5.463743e+02
2.693861e+01 -9.864230e+01 5.464652e+02
2.694309e+01 -9.830441e+01 5.465562e+02
2.694757e+01 -9.796640e+01 5.466471e+02
2.696103e+01 -9.695172e+01 5.469202e+02
2.696552e+01 -9.661326e+01 5.470113e+02
2.697451e+01 -9.593601e+01 5.471935e+02
2.697900e+01 -9.559722e+01 5.472847e+02
2.699250e+01 -9.458016e+01 5.475584e+02
2.699700e+01 -9.424092e+01 5.476497e+02
2.700150e+01 -9.390156e+01 5.477410e+02
2.738047e+01 -6.533471e+01 5.554287e+02
2.738511e+01 -6.498564e+01 5.555227e+02
2.738973e+01 -6.463646e+01 5.556166e+02
2.739437e+01 -6.428715e+01 5.557106e+02
2.741756e+01 -6.253886e+01 5.561811e+02
2.745010e+01 -6.008626e+01 5.568411e+02
2.745941e+01 -5.938444e+01 5.570300e+02
2.746407e+01 -5.903336e+01 5.571245e+02
2.748738e+01 -5.727615e+01 5.575974e+02
2.750138e+01 -5.622039e+01 5.578815e+02
2.751073e+01 -5.551595e+01 5.580711e+02
2.883857e+01 4.457630e+01 5.850071e+02
2.884371e+01 4.496353e+01 5.851113e+02
2.884884e+01 4.535095e+01 5.852156e+02
2.885399e+01 4.573847e+01 5.853199e+02
2.885913e+01 4.612609e+01 5.854242e+02
2.886428e+01 4.651390e+01 5.855285e+02
2.886942e+01 4.690180e+01 5.856329e+02
2.887457e+01 4.728990e+01 5.857374e+02
2.887972e+01 4.767809e+01 5.858418e+02
2.888487e+01 4.806648e+01 5.859464e+02
2.889002e+01 4.845497e+01 5.860509e+02
2.889518e+01 4.884355e+01 5.861555e+02
2.890033e+01 4.923232e+01 5.862601e+02
2.890549e+01 4.962119e+01 5.863647e+02
2.891066e+01 5.001026e+01 5.864694e+02
2.891582e+01 5.039942e+01 5.865742e+02
2.892098e+01 5.078877e+01 5.866790e+02
2.892615e+01 5.117822e+01 5.867838e+02
2.893132e+01 5.156777e+01 5.868886e+02
2.893649e+01 5.195751e+01 5.869935e+02
2.894166e+01 5.234744e+01 5.870984e+02
2.894684e+01 5.273747e+01 5.872034e+02
2.895202e+01 5.312760e+01 5.873084e+02
2.895720e+01 5.351792e+01 5.874134e+02
2.896237e+01 5.390834e+01 5.875185e+02
2.896755e+01 5.429885e+01 5.876236e+02
2.897274e+01 5.468955e+01 5.877287e+02
2.897792e+01 5.508045e+01 5.878339e+02
2.898311e+01 5.547145e+01 5.879391e+02
2.898829e+01 5.586254e+01 5.880444e+02
2.899349e+01 5.625383e+01 5.881497e+02
2.899868e+01 5.664521e+01 5.882550e+02
2.900387e+01 5.703678e+01 5.883604e+02
2.900907e+01 5.742845e+01 5.884658e+02
2.901427e+01 5.782032e+01 5.885712e+02
2.901947e+01 5.821228e+01 5.886767e+02
2.902467e+01 5.860443e+01 5.887822e+02
2.902988e+01 5.899668e+01 5.888878e+02
2.903508e+01 5.938903e+01 5.889934e+02
2.904029e+01 5.978157e+01 5.890990e+02
2.904549e+01 6.017431e+01 5.892047e+02
2.905071e+01 6.056714e+01 5.893104e+02
2.905592e+01 6.096006e+01 5.894162e+02
2.906114e+01 6.135318e+01 5.895220e+02
2.906635e+01 6.174640e+01 5.896278e+02
2.907157e+01 6.213981e+01 5.897337e+02
2.907679e+01 6.253331e+01 5.898396e+02
2.908202e+01 6.292692e+01 5.899455e+02
2.908724e+01 6.332081e+01 5.900515e+02
2.909247e+01 6.371470e+01 5.901575e+02
2.909769e+01 6.410879e+01 5.902635e+02
2.910292e+01 6.450307e+01 5.903696e+02
2.910816e+01 6.489744e+01 5.904758e+02
2.911339e+01 6.529191e+01 5.905819e+02
2.911862e+01 6.568658e+01 5.906881e+02
2.912386e+01 6.608134e+01 5.907944e+02
2.912910e+01 6.647629e+01 5.909007e+02
2.913434e+01 6.687144e+01 5.910070e+02
2.913959e+01 6.726659e+01 5.911133e+02
2.914483e+01 6.766203e+01 5.912197e+02
2.915008e+01 6.805746e+01 5.913262e+02
2.915532e+01 6.845319e+01 5.914327e+02
2.916057e+01 6.884892e+01 5.915392e+02
2.917634e+01 7.003716e+01 5.918589e+02
2.674597e+01 -1.393614e+02 5.355014e+02
2.675033e+01 -1.390369e+02 5.355887e+02
2.675905e+01 -1.383877e+02 5.357634e+02
2.676342e+01 -1.380629e+02 5.358508e+02
2.676779e+01 -1.377380e+02 5.359382e+02
2.677216e+01 -1.374130e+02 5.360257e+02
2.678527e+01 -1.364373e+02 5.362883e+02
2.678964e+01 -1.361119e+02 5.363758e+02
2.679840e+01 -1.354607e+02 5.365511e+02
2.680278e+01 -1.351350e+02 5.366387e+02
2.680715e+01 -1.348091e+02 5.367264e+02
2.681154e+01 -1.344832e+02 5.368141e+02
2.681592e+01 -1.341571e+02 5.369019e+02
2.682031e+01 -1.338309e+02 5.369897e+02
2.682469e+01 -1.335047e+02 5.370775e+02
2.682907e+01 -1.331783e+02 5.371653e+02
2.683347e+01 -1.328518e+02 5.372532e+02
2.683785e+01 -1.325252e+02 5.373410e+02
2.684224e+01 -1.321985e+02 5.374290e+02
2.684664e+01 -1.318717e+02 5.375169e+02
2.685103e+01 -1.315447e+02 5.376049e+02
2.685542e+01 -1.312177e+02 5.376929e+02
2.685983e+01 -1.308906e+02 5.377809e+02
2.686422e+01 -1.305633e+02 5.378690e+02
2.686862e+01 -1.302360e+02 5.379571e+02
2.687303e+01 -1.299085e+02 5.380452e+02
2.687743e+01 -1.295810e+02 5.381334e+02
2.688183e+01 -1.292533e+02 5.382215e+02
2.688623e+01 -1.289255e+02 5.383097e+02
2.689065e+01 -1.285976e+02 5.383980e+02
2.689506e+01 -1.282697e+02 5.384863e+02
2.689946e+01 -1.279416e+02 5.385745e+02
2.690387e+01 -1.276133e+02 5.386629e+02
2.690828e+01 -1.272850e+02 5.387512e+02
2.691270e+01 -1.269566e+02 5.388396e+02
2.691712e+01 -1.266281e+02 5.389280e+02
2.692154e+01 -1.262994e+02 5.390165e+02
2.692595e+01 -1.259707e+02 5.391049e+02
2.693037e+01 -1.256418e+02 5.391934e+02
2.693479e+01 -1.253129e+02 5.392819e+02
2.693922e+01 -1.249838e+02 5.393705e+02
2.694364e+01 -1.246546e+02 5.394591e+02
2.694806e+01 -1.243253e+02 5.395477e+02
2.695249e+01 -1.239960e+02 5.396363e+02
2.695692e+01 -1.236664e+02 5.397250e+02
2.696135e+01 -1.233368e+02 5.398137e+02
2.696578e+01 -1.230071e+02 5.399024e+02
2.697022e+01 -1.226773e+02 5.399912e+02
2.697465e+01 -1.223473e+02 5.400800e+02
2.697909e+01 -1.220173e+02 5.401688e+02
2.698796e+01 -1.213569e+02 5.403465e+02
2.699241e+01 -1.210265e+02 5.404354e+02
2.699685e+01 -1.206960e+02 5.405244e+02
2.700129e+01 -1.203655e+02 5.406133e+02
2.700574e+01 -1.200348e+02 5.407023e+02
2.701019e+01 -1.197039e+02 5.407914e+02
2.701464e+01 -1.193730e+02 5.408804e+02
2.701908e+01 -1.190420e+02 5.409695e+02
2.702353e+01 -1.187109e+02 5.410586e+02
2.702798e+01 -1.183796e+02 5.411477e+02
2.703689e+01 -1.177168e+02 5.413261e+02
2.704134e+01 -1.173853e+02 5.414153e+02
2.704580e+01 -1.170536e+02 5.415046e+02
2.705027e+01 -1.167218e+02 5.415939e+02
2.705473e+01 -1.163899e+02 5.416832e+02
2.705918e+01 -1.160579e+02 5.417726e+02
2.706365e+01 -1.157258e+02 5.418619e+02
2.706812e+01 -1.153935e+02 5.419513e+02
2.707259e+01 -1.150612e+02 5.420408e+02
2.707705e+01 -1.147288e+02 5.421302e+02
2.708600e+01 -1.140635e+02 5.423092e+02
2.709047e+01 -1.137308e+02 5.423988e+02
2.709494e+01 -1.133979e+02 5.424884e+02
2.710389e+01 -1.127318e+02 5.426676e+02
2.710838e+01 -1.123986e+02 5.427573e+02
2.711285e+01 -1.120652e+02 5.428470e+02
2.712181e+01 -1.113982e+02 5.430265e+02
2.712630e+01 -1.110646e+02 5.431163e+02
2.713078e+01 -1.107308e+02 5.432061e+02
2.713528e+01 -1.103970e+02 5.432960e+02
2.713976e+01 -1.100630e+02 5.433858e+02
2.714426e+01 -1.097289e+02 5.434757e+02
2.714874e+01 -1.093947e+02 5.435657e+02
2.715324e+01 -1.090603e+02 5.436557e+02
2.716224e+01 -1.083914e+02 5.438357e+02
2.716673e+01 -1.080567e+02 5.439257e+02
2.717124e+01 -1.077220e+02 5.440158e+02
2.717573e+01 -1.073871e+02 5.441059e+02
2.718474e+01 -1.067170e+02 5.442863e+02
2.718924e+01 -1.063818e+02 5.443765e+02
2.719375e+01 -1.060465e+02 5.444667e+02
2.719826e+01 -1.057110e+02 5.445570e+02
2.720277e+01 -1.053755e+02 5.446473e+02
2.720728e+01 -1.050399e+02 5.447376e+02
2.721180e+01 -1.047041e+02 5.448280e+02
2.721631e+01 -1.043682e+02 5.449183e+02
2.722082e+01 -1.040322e+02 5.450088e+02
2.722986e+01 -1.033599e+02 5.451897e+02
2.723438e+01 -1.030236e+02 5.452802e+02
2.723890e+01 -1.026872e+02 5.453707e+02
2.724796e+01 -1.020140e+02 5.455519e+02
2.725248e+01 -1.016772e+02 5.456425e+02
2.727513e+01 -9.999170e+01 5.460961e+02
2.727966e+01 -9.965426e+01 5.461869e+02
2.728421e+01 -9.931671e+01 5.462778e+02
2.730692e+01 -9.762726e+01 5.467324e+02
2.731146e+01 -9.728904e+01 5.468234e+02
2.732511e+01 -9.627368e+01 5.470967e+02
2.733876e+01 -9.525731e+01 5.473702e+02
2.734332e+01 -9.491830e+01 5.474614e+02
2.771753e+01 -6.707758e+01 5.549536e+02
2.772221e+01 -6.672910e+01 5.550474e+02
2.772689e+01 -6.638050e+01 5.551412e+02
2.773158e+01 -6.603179e+01 5.552350e+02
2.773627e+01 -6.568296e+01 5.553289e+02
2.775974e+01 -6.393705e+01 5.557987e+02
2.776444e+01 -6.358751e+01 5.558928e+02
2.776913e+01 -6.323786e+01 5.559869e+02
2.777384e+01 -6.288808e+01 5.560810e+02
2.778324e+01 -6.218818e+01 5.562694e+02
2.778795e+01 -6.183805e+01 5.563636e+02
2.779265e+01 -6.148779e+01 5.564579e+02
2.779737e+01 -6.113743e+01 5.565521e+02
2.780208e+01 -6.078695e+01 5.566465e+02
2.780679e+01 -6.043634e+01 5.567408e+02
2.781622e+01 -5.973477e+01 5.569296e+02
2.783038e+01 -5.868153e+01 5.572131e+02
2.783510e+01 -5.833021e+01 5.573076e+02
2.783982e+01 -5.797878e+01 5.574022e+02
2.784455e+01 -5.762722e+01 5.574968e+02
2.785400e+01 -5.692375e+01 5.576861e+02
2.785873e+01 -5.657183e+01 5.577808e+02
2.786820e+01 -5.586764e+01 5.579703e+02
2.787766e+01 -5.516297e+01 5.581599e+02
2.788241e+01 -5.481046e+01 5.582548e+02
2.788715e+01 -5.445782e+01 5.583497e+02
2.789188e+01 -5.410507e+01 5.584446e+02
2.789663e+01 -5.375219e+01 5.585396e+02
2.790138e+01 -5.339920e+01 5.586346e+02
2.790612e+01 -5.304609e+01 5.587296e+02
2.791087e+01 -5.269285e+01 5.588247e+02
2.791561e+01 -5.233950e+01 5.589198e+02
2.792037e+01 -5.198603e+01 5.590149e+02
2.792512e+01 -5.163243e+01 5.591100e+02
2.792988e+01 -5.127871e+01 5.592052e+02
2.793463e+01 -5.092487e+01 5.593004e+02
2.793939e+01 -5.057092e+01 5.593957e+02
2.794414e+01 -5.021684e+01 5.594910e+02
2.794891e+01 -4.986264e+01 5.595863e+02
2.795367e+01 -4.950832e+01 5.596816e+02
2.795844e+01 -4.915389e+01 5.597770e+02
2.796320e+01 -4.879933e+01 5.598724e+02
2.796797e+01 -4.844465e+01 5.599679e+02
2.797274e+01 -4.808985e+01 5.600634e+02
2.797751e+01 -4.773492e+01 5.601589e+02
2.798228e+01 -4.737987e+01 5.602544e+02
2.798705e+01 -4.702471e+01 5.603500e+02
2.799183e+01 -4.666943e+01 5.604456e+02
2.799661e+01 -4.631402e+01 5.605413e+02
2.800139e+01 -4.595849e+01 5.606369e+02
2.800617e+01 -4.560284e+01 5.607326e+02
2.801095e+01 -4.524707e+01 5.608284e+02
2.801573e+01 -4.489118e+01 5.609242e+02
2.802051e+01 -4.453517e+01 5.610200e+02
2.802530e+01 -4.417903e+01 5.611158e+02
2.803009e+01 -4.382277e+01 5.612117e+02
2.803488e+01 -4.346639e+01 5.613076e+02
2.803967e+01 -4.310989e+01 5.614035e+02
2.804447e+01 -4.275326e+01 5.614995e+02
2.804926e+01 -4.239652e+01 5.615955e+02
2.805405e+01 -4.203965e+01 5.616915e+02
2.805885e+01 -4.168266e+01 5.617876e+02
2.806366e+01 -4.132555e+01 5.618837e+02
2.806846e+01 -4.096832e+01 5.619798e+02
2.846785e+01 -1.125324e+01 5.699764e+02
2.852725e+01 -6.833609e+00 5.711658e+02
2.858691e+01 -2.395503e+00 5.723601e+02
2.860684e+01 -9.120074e-01 5.727594e+02
2.861183e+01 -5.407883e-01 5.728593e+02
2.862182e+01 2.019976e-01 5.730591e+02
2.862681e+01 5.735836e-01 5.731591e+02
2.863180e+01 9.452662e-01 5.732592e+02
2.864180e+01 1.689114e+00 5.734593e+02
2.867184e+01 3.923652e+00 5.740607e+02
2.867685e+01 4.296590e+00 5.741610e+02
2.868187e+01 4.669624e+00 5.742614e+02
2.870194e+01 6.162921e+00 5.746633e+02
2.870696e+01 6.536632e+00 5.747639e+02
2.871199e+01 6.910439e+00 5.748644e+02
2.871701e+01 7.284342e+00 5.749651e+02
2.872204e+01 7.658439e+00 5.750657e+02
2.873210e+01 8.406922e+00 5.752672e+02
2.873714e+01 8.781405e+00 5.753679e+02
2.874216e+01 9.155985e+00 5.754687e+02
2.874720e+01 9.530758e+00 5.755696e+02
2.875225e+01 9.905530e+00 5.756705e+02
2.876232e+01 1.065566e+01 5.758723e+02
2.876737e+01 1.103091e+01 5.759733e+02
2.877241e+01 1.140626e+01 5.760743e+02
2.877746e+01 1.178181e+01 5.761754e+02
2.878251e+01 1.215745e+01 5.762765e+02
2.878756e+01 1.253319e+01 5.763776e+02
2.879261e+01 1.290912e+01 5.764787e+02
2.879767e+01 1.328515e+01 5.765799e+02
2.880273e+01 1.366127e+01 5.766812e+02
2.880778e+01 1.403759e+01 5.767824e+02
2.881285e+01 1.441400e+01 5.768837e+02
2.881790e+01 1.479061e+01 5.769851e+02
2.882296e+01 1.516732e+01 5.770865e+02
2.708470e+01 -1.400086e+02 5.353213e+02
2.708911e+01 -1.396843e+02 5.354086e+02
2.710237e+01 -1.387109e+02 5.356705e+02
2.712449e+01 -1.370865e+02 5.361077e+02
2.712892e+01 -1.367612e+02 5.361952e+02
2.714221e+01 -1.357850e+02 5.364579e+02
2.881776e+01 -1.272223e+01 5.695749e+02
2.882277e+01 -1.235514e+01 5.696737e+02
2.882776e+01 -1.198793e+01 5.697725e+02
2.883277e+01 -1.162058e+01 5.698713e+02
2.884277e+01 -1.088552e+01 5.700691e+02
2.884778e+01 -1.051780e+01 5.701681e+02
2.885279e+01 -1.014995e+01 5.702671e+02
2.885780e+01 -9.781972e+00 5.703661e+02
2.886281e+01 -9.413862e+00 5.704652e+02
2.886782e+01 -9.045626e+00 5.705643e+02
2.887284e+01 -8.677265e+00 5.706634e+02
2.887786e+01 -8.308779e+00 5.707626e+02
2.888288e+01 -7.940157e+00 5.708618e+02
2.888790e+01 -7.571419e+00 5.709610e+02
2.889292e+01 -7.202537e+00 5.710602e+02
2.890297e+01 -6.464405e+00 5.712589e+02
2.890799e+01 -6.095146e+00 5.713583e+02
2.891303e+01 -5.725761e+00 5.714577e+02
2.891806e+01 -5.356241e+00 5.715571e+02
2.892309e+01 -4.986596e+00 5.716566e+02
2.892813e+01 -4.616825e+00 5.717561e+02
2.893316e+01 -4.246919e+00 5.718556e+02
2.893820e+01 -3.876887e+00 5.719552e+02
2.894324e+01 -3.506730e+00 5.720548e+02
2.894828e+01 -3.136437e+00 5.721545e+02
2.895333e+01 -2.766019e+00 5.722541e+02
2.896342e+01 -2.024797e+00 5.724536e+02
2.896846e+01 -1.653993e+00 5.725534e+02
2.897351e+01 -1.283054e+00 5.726532e+02
2.898868e+01 -1.694339e-01 5.729529e+02
2.900892e+01 1.317105e+00 5.733529e+02
2.901905e+01 2.061147e+00 5.735532e+02
2.902412e+01 2.433409e+00 5.736533e+02
2.902919e+01 2.805768e+00 5.737535e+02
2.903426e+01 3.178320e+00 5.738538e+02
2.903934e+01 3.550872e+00 5.739541e+02
2.905964e+01 5.042722e+00 5.743555e+02
2.906473e+01 5.415950e+00 5.744560e+02
2.906981e+01 5.789371e+00 5.745565e+02
2.910035e+01 8.032505e+00 5.751601e+02
2.913096e+01 1.028047e+01 5.757650e+02
