9.119632e+01 5.324151e+01 5.280244e+02
9.153816e+01 5.324080e+01 5.280181e+02
1.157909e+02 5.319543e+01 5.275683e+02
6.482916e+01 5.361898e+01 5.283716e+02
6.517161e+01 5.361836e+01 5.283652e+02
6.688362e+01 5.361510e+01 5.283335e+02
6.722597e+01 5.361449e+01 5.283271e+02
6.756841e+01 5.361387e+01 5.283208e+02
6.791075e+01 5.361316e+01 5.283144e+02
6.825310e+01 5.361255e+01 5.283081e+02
6.859544e+01 5.361193e+01 5.283017e+02
6.893778e+01 5.361123e+01 5.282954e+02
6.928003e+01 5.361061e+01 5.282890e+02
6.962237e+01 5.361000e+01 5.282827e+02
6.996472e+01 5.360929e+01 5.282764e+02
7.030696e+01 5.360867e+01 5.282700e+02
7.064930e+01 5.360806e+01 5.282636e+02
7.099155e+01 5.360744e+01 5.282573e+02
7.133389e+01 5.360673e+01 5.282510e+02
7.167613e+01 5.360612e+01 5.282446e+02
7.201838e+01 5.360550e+01 5.282383e+02
7.236062e+01 5.360480e+01 5.282319e+02
7.270286e+01 5.360418e+01 5.282256e+02
7.304511e+01 5.360356e+01 5.282192e+02
7.338735e+01 5.360286e+01 5.282129e+02
7.372959e+01 5.360224e+01 5.282065e+02
7.407174e+01 5.360162e+01 5.282002e+02
7.441398e+01 5.360092e+01 5.281939e+02
7.475622e+01 5.360030e+01 5.281875e+02
7.509837e+01 5.359969e+01 5.281811e+02
7.544051e+01 5.359907e+01 5.281748e+02
7.578276e+01 5.359836e+01 5.281685e+02
7.612490e+01 5.359775e+01 5.281621e+02
7.646704e+01 5.359713e+01 5.281558e+02
7.680919e+01 5.359642e+01 5.281494e+02
7.715133e+01 5.359581e+01 5.281431e+02
7.749347e+01 5.359519e+01 5.281367e+02
7.783552e+01 5.359448e+01 5.281304e+02
7.817766e+01 5.359387e+01 5.281241e+02
7.851980e+01 5.359325e+01 5.281177e+02
7.886185e+01 5.359254e+01 5.281114e+02
7.920399e+01 5.359193e+01 5.281050e+02
7.954603e+01 5.359131e+01 5.280987e+02
7.988808e+01 5.359070e+01 5.280923e+02
8.023022e+01 5.358999e+01 5.280860e+02
8.057227e+01 5.358937e+01 5.280797e+02
8.091431e+01 5.358876e+01 5.280733e+02
8.125635e+01 5.358805e+01 5.280670e+02
8.159840e+01 5.358743e+01 5.280606e+02
8.194034e+01 5.358682e+01 5.280543e+02
8.228238e+01 5.358611e+01 5.280480e+02
8.262443e+01 5.358549e+01 5.280416e+02
8.296637e+01 5.358488e+01 5.280353e+02
8.330841e+01 5.358426e+01 5.280289e+02
8.365036e+01 5.358355e+01 5.280226e+02
8.399230e+01 5.358294e+01 5.280162e+02
8.433424e+01 5.358232e+01 5.280099e+02
8.467629e+01 5.358161e+01 5.280036e+02
8.501823e+01 5.358100e+01 5.279972e+02
8.536018e+01 5.358038e+01 5.279909e+02
8.570212e+01 5.357976e+01 5.279845e+02
8.604396e+01 5.357905e+01 5.279782e+02
8.638591e+01 5.357844e+01 5.279719e+02
8.672785e+01 5.357782e+01 5.279655e+02
8.706969e+01 5.357711e+01 5.279592e+02
8.741164e+01 5.357650e+01 5.279528e+02
8.775348e+01 5.357588e+01 5.279465e+02
8.809533e+01 5.357517e+01 5.279402e+02
8.843727e+01 5.357456e+01 5.279338e+02
8.877911e+01 5.357394e+01 5.279275e+02
8.912096e+01 5.357332e+01 5.279211e+02
8.946280e+01 5.357262e+01 5.279148e+02
8.980464e+01 5.357200e+01 5.279085e+02
9.014649e+01 5.357138e+01 5.279021e+02
9.048823e+01 5.357067e+01 5.278958e+02
9.083007e+01 5.357006e+01 5.278895e+02
9.185540e+01 5.356812e+01 5.278704e+02
9.219725e+01 5.356750e+01 5.278641e+02
9.253899e+01 5.356688e+01 5.278577e+02
9.288074e+01 5.356617e+01 5.278514e+02
9.322248e+01 5.356556e+01 5.278451e+02
9.356422e+01 5.356494e+01 5.278387e+02
9.390597e+01 5.356432e+01 5.278324e+02
9.424771e+01 5.356362e+01 5.278261e+02
9.458945e+01 5.356300e+01 5.278197e+02
9.493110e+01 5.356238e+01 5.278134e+02
9.527284e+01 5.356167e+01 5.278071e+02
9.561448e+01 5.356106e+01 5.278007e+02
9.595623e+01 5.356044e+01 5.277944e+02
9.629787e+01 5.355982e+01 5.277880e+02
9.663952e+01 5.355911e+01 5.277817e+02
9.698126e+01 5.355850e+01 5.277754e+02
9.732290e+01 5.355788e+01 5.277690e+02
9.766455e+01 5.355717e+01 5.277627e+02
9.800619e+01 5.355656e+01 5.277564e+02
9.834773e+01 5.355594e+01 5.277500e+02
9.868938e+01 5.355532e+01 5.277437e+02
9.903102e+01 5.355461e+01 5.277374e+02
9.937256e+01 5.355400e+01 5.277310e+02
9.971421e+01 5.355338e+01 5.277247e+02
1.000558e+02 5.355267e+01 5.277184e+02
1.003974e+02 5.355205e+01 5.277121e+02
1.007389e+02 5.355144e+01 5.277057e+02
1.010805e+02 5.355082e+01 5.276994e+02
1.014220e+02 5.355011e+01 5.276931e+02
1.017636e+02 5.354949e+01 5.276867e+02
1.021051e+02 5.354888e+01 5.276804e+02
1.024467e+02 5.354817e+01 5.276741e+02
1.027882e+02 5.354755e+01 5.276677e+02
1.031297e+02 5.354693e+01 5.276614e+02
1.034712e+02 5.354632e+01 5.276550e+02
1.038127e+02 5.354561e+01 5.276487e+02
1.041542e+02 5.354499e+01 5.276424e+02
1.044957e+02 5.354437e+01 5.276360e+02
1.048372e+02 5.354376e+01 5.276297e+02
1.051786e+02 5.354305e+01 5.276234e+02
1.055201e+02 5.354243e+01 5.276171e+02
1.058615e+02 5.354181e+01 5.276107e+02
1.062029e+02 5.354110e+01 5.276044e+02
1.065444e+02 5.354049e+01 5.275981e+02
1.068858e+02 5.353987e+01 5.275917e+02
1.072273e+02 5.353925e+01 5.275854e+02
1.075686e+02 5.353854e+01 5.275791e+02
1.079101e+02 5.353793e+01 5.275727e+02
1.082514e+02 5.353731e+01 5.275664e+02
1.085928e+02 5.353660e+01 5.275601e+02
1.089342e+02 5.353598e+01 5.275538e+02
1.092755e+02 5.353536e+01 5.275474e+02
1.096169e+02 5.353475e+01 5.275411e+02
1.099582e+02 5.353404e+01 5.275348e+02
1.102996e+02 5.353342e+01 5.275284e+02
1.106409e+02 5.353280e+01 5.275221e+02
1.109822e+02 5.353219e+01 5.275158e+02
1.113236e+02 5.353148e+01 5.275095e+02
1.116648e+02 5.353086e+01 5.275031e+02
1.120062e+02 5.353024e+01 5.274968e+02
1.123474e+02 5.352962e+01 5.274904e+02
1.126888e+02 5.352891e+01 5.274841e+02
1.130300e+02 5.352830e+01 5.274778e+02
1.133713e+02 5.352768e+01 5.274715e+02
1.137126e+02 5.352697e+01 5.274652e+02
1.140538e+02 5.352635e+01 5.274588e+02
1.143951e+02 5.352573e+01 5.274525e+02
1.147363e+02 5.352512e+01 5.274461e+02
1.154187e+02 5.352379e+01 5.274335e+02
1.174659e+02 5.351999e+01 5.273955e+02
1.178070e+02 5.351928e+01 5.273892e+02
1.181482e+02 5.351866e+01 5.273829e+02
1.184893e+02 5.351805e+01 5.273766e+02
1.188305e+02 5.351734e+01 5.273703e+02
1.191716e+02 5.351672e+01 5.273639e+02
1.195127e+02 5.351610e+01 5.273576e+02
1.208771e+02 5.351354e+01 5.273323e+02
1.212182e+02 5.351292e+01 5.273260e+02
1.215593e+02 5.351221e+01 5.273197e+02
1.219003e+02 5.351159e+01 5.273133e+02
1.222414e+02 5.351097e+01 5.273070e+02
1.225824e+02 5.351036e+01 5.273007e+02
-1.268079e+02 5.430986e+01 5.317823e+02
-1.222982e+02 5.430133e+01 5.316987e+02
-1.219513e+02 5.430063e+01 5.316922e+02
-1.198704e+02 5.429672e+01 5.316537e+02
2.607508e+01 5.402041e+01 5.289482e+02
2.847777e+01 5.401584e+01 5.289036e+02
3.156633e+01 5.401004e+01 5.288464e+02
3.225259e+01 5.400872e+01 5.288336e+02
3.259571e+01 5.400801e+01 5.288273e+02
3.293881e+01 5.400740e+01 5.288209e+02
3.328192e+01 5.400679e+01 5.288146e+02
3.362501e+01 5.400608e+01 5.288082e+02
3.396809e+01 5.400547e+01 5.288018e+02
3.431117e+01 5.400476e+01 5.287955e+02
3.465423e+01 5.400415e+01 5.287891e+02
3.534034e+01 5.400283e+01 5.287764e+02
3.568338e+01 5.400221e+01 5.287701e+02
3.602641e+01 5.400160e+01 5.287637e+02
3.636945e+01 5.400089e+01 5.287573e+02
3.671246e+01 5.400028e+01 5.287510e+02
3.705546e+01 5.399957e+01 5.287446e+02
3.739847e+01 5.399896e+01 5.287383e+02
3.774146e+01 5.399834e+01 5.287319e+02
3.808444e+01 5.399764e+01 5.287256e+02
6.549645e+01 5.394579e+01 5.282174e+02
6.583879e+01 5.394508e+01 5.282111e+02
6.618113e+01 5.394446e+01 5.282047e+02
6.652338e+01 5.394385e+01 5.281983e+02
-1.712411e+02 5.472451e+01 5.324631e+02
-1.677621e+02 5.471791e+01 5.323986e+02
-1.670664e+02 5.471661e+01 5.323857e+02
-1.663708e+02 5.471522e+01 5.323728e+02
-1.649795e+02 5.471261e+01 5.323470e+02
-1.639362e+02 5.471062e+01 5.323277e+02
-1.635884e+02 5.470992e+01 5.323212e+02
-1.632407e+02 5.470931e+01 5.323148e+02
-1.628929e+02 5.470862e+01 5.323083e+02
-1.625452e+02 5.470801e+01 5.323019e+02
-1.597637e+02 5.470271e+01 5.322503e+02
-1.594160e+02 5.470202e+01 5.322439e+02
-1.590684e+02 5.470132e+01 5.322375e+02
-1.587207e+02 5.470071e+01 5.322310e+02
-1.583731e+02 5.470002e+01 5.322246e+02
-1.580254e+02 5.469932e+01 5.322181e+02
-1.576778e+02 5.469872e+01 5.322117e+02
-1.573303e+02 5.469802e+01 5.322052e+02
-1.569826e+02 5.469741e+01 5.321988e+02
-1.559399e+02 5.469541e+01 5.321795e+02
-1.555923e+02 5.469472e+01 5.321730e+02
-1.548972e+02 5.469341e+01 5.321601e+02
-1.545497e+02 5.469272e+01 5.321537e+02
-1.542022e+02 5.469211e+01 5.321473e+02
-1.538546e+02 5.469142e+01 5.321408e+02
-1.535071e+02 5.469072e+01 5.321344e+02
-1.531595e+02 5.469011e+01 5.321279e+02
-1.528121e+02 5.468942e+01 5.321215e+02
-1.524646e+02 5.468881e+01 5.321150e+02
-1.521171e+02 5.468811e+01 5.321086e+02
-1.517697e+02 5.468742e+01 5.321022e+02
-1.514222e+02 5.468681e+01 5.320957e+02
-1.510747e+02 5.468611e+01 5.320893e+02
-1.507272e+02 5.468551e+01 5.320828e+02
-1.503798e+02 5.468481e+01 5.320764e+02
-1.500325e+02 5.468411e+01 5.320700e+02
-1.496850e+02 5.468351e+01 5.320635e+02
-1.493376e+02 5.468281e+01 5.320571e+02
-1.489901e+02 5.468211e+01 5.320507e+02
-1.486428e+02 5.468151e+01 5.320442e+02
-1.482953e+02 5.468081e+01 5.320378e+02
-1.479480e+02 5.468020e+01 5.320313e+02
-1.476007e+02 5.467951e+01 5.320249e+02
-1.472533e+02 5.467881e+01 5.320185e+02
-1.469059e+02 5.467820e+01 5.320120e+02
-1.465585e+02 5.467751e+01 5.320056e+02
-1.462112e+02 5.467690e+01 5.319992e+02
-1.458639e+02 5.467620e+01 5.319927e+02
-1.455166e+02 5.467550e+01 5.319863e+02
-1.451693e+02 5.467490e+01 5.319799e+02
-1.448220e+02 5.467420e+01 5.319734e+02
-1.444747e+02 5.467360e+01 5.319670e+02
-1.441274e+02 5.467290e+01 5.319605e+02
-1.437801e+02 5.467220e+01 5.319541e+02
-1.434329e+02 5.467159e+01 5.319477e+02
-1.423911e+02 5.466959e+01 5.319284e+02
-1.420439e+02 5.466890e+01 5.319220e+02
-1.413494e+02 5.466759e+01 5.319091e+02
-1.410022e+02 5.466689e+01 5.319027e+02
-1.406550e+02 5.466629e+01 5.318962e+02
-1.403078e+02 5.466559e+01 5.318898e+02
-1.399606e+02 5.466498e+01 5.318833e+02
-1.396134e+02 5.466429e+01 5.318769e+02
-1.392662e+02 5.466359e+01 5.318705e+02
-1.385719e+02 5.466229e+01 5.318576e+02
-1.382248e+02 5.466168e+01 5.318511e+02
-1.375305e+02 5.466028e+01 5.318383e+02
-1.371834e+02 5.465968e+01 5.318319e+02
-1.368363e+02 5.465898e+01 5.318254e+02
-1.364892e+02 5.465837e+01 5.318190e+02
-1.361421e+02 5.465768e+01 5.318126e+02
-1.357950e+02 5.465698e+01 5.318061e+02
-1.354479e+02 5.465637e+01 5.317997e+02
-1.347538e+02 5.465507e+01 5.317868e+02
-1.344067e+02 5.465437e+01 5.317804e+02
-1.340597e+02 5.465367e+01 5.317740e+02
-1.337127e+02 5.465306e+01 5.317675e+02
-1.333656e+02 5.465237e+01 5.317611e+02
-1.330186e+02 5.465176e+01 5.317547e+02
-1.326716e+02 5.465106e+01 5.317482e+02
-1.323246e+02 5.465046e+01 5.317418e+02
-1.319776e+02 5.464976e+01 5.317354e+02
-1.312837e+02 5.464845e+01 5.317225e+02
-1.309367e+02 5.464775e+01 5.317161e+02
-1.305897e+02 5.464715e+01 5.317096e+02
-1.302428e+02 5.464645e+01 5.317032e+02
-1.298958e+02 5.464575e+01 5.316968e+02
-1.295489e+02 5.464514e+01 5.316904e+02
-1.292020e+02 5.464445e+01 5.316840e+02
-1.285081e+02 5.464314e+01 5.316711e+02
-1.281612e+02 5.464244e+01 5.316647e+02
-1.278144e+02 5.464184e+01 5.316582e+02
-1.274675e+02 5.464114e+01 5.316518e+02
-1.271206e+02 5.464053e+01 5.316454e+02
-1.260800e+02 5.463853e+01 5.316261e+02
-1.257332e+02 5.463783e+01 5.316197e+02
-1.253863e+02 5.463722e+01 5.316132e+02
-1.250395e+02 5.463652e+01 5.316068e+02
-1.246927e+02 5.463592e+01 5.316004e+02
-1.243459e+02 5.463522e+01 5.315939e+02
-1.239991e+02 5.463452e+01 5.315875e+02
-1.236523e+02 5.463391e+01 5.315811e+02
-1.233055e+02 5.463322e+01 5.315747e+02
-1.229587e+02 5.463261e+01 5.315682e+02
-1.226120e+02 5.463191e+01 5.315618e+02
-1.215717e+02 5.462991e+01 5.315425e+02
-1.212250e+02 5.462930e+01 5.315361e+02
-1.208783e+02 5.462860e+01 5.315297e+02
-1.205315e+02 5.462799e+01 5.315232e+02
-1.201848e+02 5.462729e+01 5.315168e+02
-9.282133e+01 5.457516e+01 5.310097e+02
-9.247529e+01 5.457446e+01 5.310033e+02
-9.212927e+01 5.457386e+01 5.309969e+02
-9.178325e+01 5.457316e+01 5.309905e+02
-9.143723e+01 5.457255e+01 5.309841e+02
-9.109123e+01 5.457185e+01 5.309777e+02
-9.074523e+01 5.457124e+01 5.309712e+02
-9.039924e+01 5.457054e+01 5.309648e+02
-9.005326e+01 5.456993e+01 5.309584e+02
-8.970729e+01 5.456923e+01 5.309520e+02
-8.936133e+01 5.456862e+01 5.309456e+02
-8.901537e+01 5.456792e+01 5.309392e+02
-8.866942e+01 5.456722e+01 5.309328e+02
-8.832349e+01 5.456661e+01 5.309264e+02
-8.797755e+01 5.456591e+01 5.309200e+02
-8.763163e+01 5.456530e+01 5.309135e+02
-8.728572e+01 5.456460e+01 5.309071e+02
-8.693981e+01 5.456399e+01 5.309007e+02
-8.659392e+01 5.456329e+01 5.308943e+02
-8.590214e+01 5.456199e+01 5.308815e+02
-8.555628e+01 5.456129e+01 5.308751e+02
-8.521042e+01 5.456068e+01 5.308687e+02
-8.486455e+01 5.455998e+01 5.308623e+02
-8.451871e+01 5.455937e+01 5.308558e+02
-8.417288e+01 5.455867e+01 5.308494e+02
-8.382705e+01 5.455806e+01 5.308430e+02
-8.313541e+01 5.455675e+01 5.308302e+02
-8.278961e+01 5.455605e+01 5.308238e+02
-8.209802e+01 5.455474e+01 5.308110e+02
-8.175224e+01 5.455404e+01 5.308046e+02
-8.140646e+01 5.455343e+01 5.307982e+02
-8.106070e+01 5.455273e+01 5.307918e+02
-8.036921e+01 5.455142e+01 5.307790e+02
-8.002346e+01 5.455081e+01 5.307725e+02
-7.967774e+01 5.455011e+01 5.307661e+02
-7.933202e+01 5.454950e+01 5.307597e+02
-7.898630e+01 5.454880e+01 5.307533e+02
-7.864060e+01 5.454819e+01 5.307469e+02
-7.829491e+01 5.454749e+01 5.307405e+02
-7.760353e+01 5.454618e+01 5.307277e+02
-7.725787e+01 5.454548e+01 5.307213e+02
-7.691220e+01 5.454487e+01 5.307149e+02
-7.656654e+01 5.454417e+01 5.307085e+02
-7.622090e+01 5.454356e+01 5.307021e+02
-7.552963e+01 5.454225e+01 5.306892e+02
-7.518401e+01 5.454155e+01 5.306829e+02
-7.483840e+01 5.454094e+01 5.306764e+02
-7.380161e+01 5.453893e+01 5.306572e+02
-7.345603e+01 5.453832e+01 5.306508e+02
-7.241934e+01 5.453631e+01 5.306316e+02
-7.172826e+01 5.453500e+01 5.306188e+02
-6.723703e+01 5.452644e+01 5.305356e+02
1.199089e+01 5.437555e+01 5.290673e+02
1.233440e+01 5.437485e+01 5.290609e+02
1.267790e+01 5.437423e+01 5.290545e+02
1.302140e+01 5.437353e+01 5.290482e+02
1.336489e+01 5.437292e+01 5.290418e+02
1.370836e+01 5.437230e+01 5.290354e+02
1.405183e+01 5.437160e+01 5.290291e+02
1.439530e+01 5.437098e+01 5.290227e+02
1.473875e+01 5.437028e+01 5.290163e+02
1.508219e+01 5.436967e+01 5.290100e+02
1.542564e+01 5.436896e+01 5.290036e+02
1.576906e+01 5.436835e+01 5.289972e+02
1.611249e+01 5.436764e+01 5.289909e+02
1.645590e+01 5.436703e+01 5.289845e+02
1.679930e+01 5.436642e+01 5.289781e+02
1.714270e+01 5.436571e+01 5.289718e+02
1.748609e+01 5.436510e+01 5.289654e+02
1.782946e+01 5.436439e+01 5.289591e+02
1.817284e+01 5.436378e+01 5.289527e+02
1.851620e+01 5.436307e+01 5.289463e+02
1.885955e+01 5.436246e+01 5.289400e+02
1.920290e+01 5.436175e+01 5.289336e+02
1.954624e+01 5.436114e+01 5.289272e+02
1.988956e+01 5.436053e+01 5.289209e+02
2.023289e+01 5.435982e+01 5.289145e+02
2.057620e+01 5.435921e+01 5.289081e+02
2.091950e+01 5.435850e+01 5.289018e+02
2.126281e+01 5.435789e+01 5.288954e+02
2.160609e+01 5.435718e+01 5.288891e+02
2.194937e+01 5.435657e+01 5.288827e+02
2.229265e+01 5.435586e+01 5.288764e+02
2.263591e+01 5.435525e+01 5.288700e+02
2.297916e+01 5.435464e+01 5.288636e+02
2.332241e+01 5.435393e+01 5.288573e+02
2.366565e+01 5.435332e+01 5.288509e+02
2.400889e+01 5.435261e+01 5.288445e+02
2.435211e+01 5.435200e+01 5.288382e+02
2.469532e+01 5.435129e+01 5.288318e+02
2.503853e+01 5.435068e+01 5.288255e+02
2.538172e+01 5.435007e+01 5.288191e+02
2.572491e+01 5.434936e+01 5.288127e+02
2.641127e+01 5.434804e+01 5.288000e+02
2.675443e+01 5.434743e+01 5.287936e+02
2.709759e+01 5.434672e+01 5.287873e+02
2.744074e+01 5.434611e+01 5.287809e+02
2.778387e+01 5.434549e+01 5.287746e+02
2.881324e+01 5.434347e+01 5.287555e+02
2.915636e+01 5.434285e+01 5.287491e+02
2.949945e+01 5.434215e+01 5.287428e+02
2.984254e+01 5.434153e+01 5.287364e+02
3.018563e+01 5.434083e+01 5.287301e+02
3.052870e+01 5.434021e+01 5.287237e+02
3.087176e+01 5.433960e+01 5.287173e+02
3.121482e+01 5.433889e+01 5.287110e+02
3.190092e+01 5.433757e+01 5.286983e+02
3.498791e+01 5.433177e+01 5.286410e+02
-1.673690e+02 5.504749e+01 5.322485e+02
-1.659782e+02 5.504488e+01 5.322227e+02
-1.656304e+02 5.504419e+01 5.322163e+02
-1.652827e+02 5.504349e+01 5.322098e+02
-1.645873e+02 5.504219e+01 5.321969e+02
-1.642397e+02 5.504149e+01 5.321905e+02
-1.621537e+02 5.503749e+01 5.321518e+02
-1.618062e+02 5.503689e+01 5.321454e+02
-1.614585e+02 5.503619e+01 5.321390e+02
-1.611109e+02 5.503549e+01 5.321325e+02
-1.607633e+02 5.503489e+01 5.321261e+02
-1.604157e+02 5.503419e+01 5.321196e+02
-1.600681e+02 5.503350e+01 5.321132e+02
-1.565928e+02 5.502689e+01 5.320488e+02
-1.562453e+02 5.502619e+01 5.320424e+02
-1.552028e+02 5.502419e+01 5.320231e+02
-7.585486e+01 5.487217e+01 5.305529e+02
-7.447276e+01 5.486955e+01 5.305273e+02
-7.412725e+01 5.486885e+01 5.305209e+02
-7.309079e+01 5.486683e+01 5.305017e+02
-7.274533e+01 5.486622e+01 5.304953e+02
-7.205441e+01 5.486491e+01 5.304825e+02
-7.136354e+01 5.486351e+01 5.304697e+02
-7.101810e+01 5.486290e+01 5.304633e+02
-7.067268e+01 5.486220e+01 5.304569e+02
-7.032728e+01 5.486159e+01 5.304505e+02
-6.998187e+01 5.486089e+01 5.304441e+02
-6.963647e+01 5.486028e+01 5.304377e+02
-6.929109e+01 5.485958e+01 5.304313e+02
-6.894571e+01 5.485888e+01 5.304249e+02
-6.860034e+01 5.485827e+01 5.304185e+02
-6.825498e+01 5.485757e+01 5.304121e+02
-6.790963e+01 5.485696e+01 5.304057e+02
-6.756428e+01 5.485626e+01 5.303993e+02
-4.065305e+01 5.480471e+01 5.299007e+02
-3.996369e+01 5.480340e+01 5.298879e+02
-3.892970e+01 5.480138e+01 5.298688e+02
-3.307185e+01 5.479016e+01 5.297602e+02
-3.272735e+01 5.478955e+01 5.297538e+02
-3.238285e+01 5.478885e+01 5.297475e+02
-3.203836e+01 5.478815e+01 5.297411e+02
-3.169388e+01 5.478754e+01 5.297347e+02
-2.962718e+01 5.478359e+01 5.296964e+02
-2.687204e+01 5.477833e+01 5.296454e+02
-2.652769e+01 5.477763e+01 5.296390e+02
-2.515034e+01 5.477500e+01 5.296135e+02
-2.480603e+01 5.477430e+01 5.296071e+02
-2.446173e+01 5.477369e+01 5.296007e+02
-2.411743e+01 5.477298e+01 5.295944e+02
-2.342886e+01 5.477167e+01 5.295816e+02
-2.308458e+01 5.477105e+01 5.295752e+02
-2.274032e+01 5.477035e+01 5.295688e+02
-2.205182e+01 5.476904e+01 5.295561e+02
-2.170758e+01 5.476842e+01 5.295497e+02
-2.136335e+01 5.476772e+01 5.295433e+02
-2.101912e+01 5.476711e+01 5.295369e+02
-2.067491e+01 5.476641e+01 5.295306e+02
-2.033071e+01 5.476579e+01 5.295242e+02
-1.998651e+01 5.476509e+01 5.295178e+02
-1.964232e+01 5.476448e+01 5.295114e+02
-1.929814e+01 5.476377e+01 5.295051e+02
-1.895396e+01 5.476316e+01 5.294987e+02
-1.860980e+01 5.476246e+01 5.294923e+02
-1.826564e+01 5.476176e+01 5.294859e+02
-1.792150e+01 5.476114e+01 5.294795e+02
-1.757736e+01 5.476044e+01 5.294732e+02
-1.723323e+01 5.475983e+01 5.294668e+02
-1.688910e+01 5.475912e+01 5.294604e+02
-1.654499e+01 5.475851e+01 5.294540e+02
-1.620088e+01 5.475781e+01 5.294477e+02
-1.585678e+01 5.475720e+01 5.294413e+02
-1.551270e+01 5.475649e+01 5.294349e+02
-1.516862e+01 5.475588e+01 5.294285e+02
-1.482454e+01 5.475518e+01 5.294222e+02
-1.448048e+01 5.475456e+01 5.294158e+02
-4.029754e+01 5.513274e+01 5.297520e+02
-3.960838e+01 5.513143e+01 5.297392e+02
-3.857469e+01 5.512941e+01 5.297201e+02
-3.823015e+01 5.512871e+01 5.297137e+02
-3.788561e+01 5.512810e+01 5.297073e+02
-3.754108e+01 5.512740e+01 5.297010e+02
-3.719656e+01 5.512678e+01 5.296946e+02
-3.685205e+01 5.512608e+01 5.296882e+02
-3.650755e+01 5.512547e+01 5.296818e+02
-3.616305e+01 5.512477e+01 5.296754e+02
-3.581856e+01 5.512406e+01 5.296691e+02
-3.547409e+01 5.512345e+01 5.296627e+02
-3.512962e+01 5.512275e+01 5.296563e+02
-3.478516e+01 5.512214e+01 5.296499e+02
-3.444070e+01 5.512143e+01 5.296435e+02
-3.409626e+01 5.512073e+01 5.296372e+02
-3.375182e+01 5.512012e+01 5.296308e+02
-3.340739e+01 5.511942e+01 5.296244e+02
-3.134099e+01 5.511547e+01 5.295861e+02
-3.099662e+01 5.511477e+01 5.295798e+02
-3.065226e+01 5.511416e+01 5.295734e+02
-3.030791e+01 5.511345e+01 5.295670e+02
-2.996356e+01 5.511284e+01 5.295606e+02
-2.927490e+01 5.511153e+01 5.295478e+02
-2.893057e+01 5.511082e+01 5.295415e+02
-2.858626e+01 5.511012e+01 5.295351e+02
-2.824196e+01 5.510951e+01 5.295287e+02
-2.789766e+01 5.510881e+01 5.295223e+02
-2.755338e+01 5.510819e+01 5.295159e+02
-2.720909e+01 5.510749e+01 5.295096e+02
-2.617630e+01 5.510547e+01 5.294905e+02
-2.583206e+01 5.510486e+01 5.294841e+02
-2.548782e+01 5.510416e+01 5.294777e+02
-2.376676e+01 5.510082e+01 5.294458e+02
-2.239006e+01 5.509819e+01 5.294203e+02
