915 721
916 721
917 721
918 721
919 721
920 721
922 721
924 721
925 721
926 721
927 721
928 721
929 721
930 721
931 721
932 721
933 721
934 721
935 721
936 721
937 721
938 721
939 721
940 721
941 721
942 721
943 721
944 721
945 721
946 721
947 721
948 721
949 721
953 721
954 721
956 721
958 721
959 721
961 721
962 721
963 721
969 721
971 721
972 721
973 721
974 721
976 721
977 721
978 721
979 721
774 722
779 722
780 722
781 722
782 722
791 722
792 722
794 722
795 722
797 722
798 722
800 722
801 722
804 722
805 722
808 722
809 722
810 722
811 722
812 722
814 722
815 722
816 722
817 722
818 722
819 722
820 722
821 722
822 722
823 722
824 722
921 722
923 722
950 722
951 722
952 722
955 722
957 722
960 722
964 722
965 722
966 722
967 722
968 722
970 722
975 722
980 722
736 723
737 723
738 723
739 723
740 723
741 723
742 723
743 723
744 723
745 723
746 723
747 723
748 723
749 723
750 723
751 723
752 723
753 723
754 723
755 723
756 723
757 723
758 723
759 723
760 723
761 723
762 723
763 723
764 723
765 723
766 723
767 723
768 723
769 723
770 723
771 723
772 723
773 723
775 723
776 723
777 723
778 723
783 723
784 723
785 723
786 723
787 723
788 723
789 723
790 723
793 723
796 723
799 723
802 723
803 723
813 723
199 724
201 724
202 724
203 724
204 724
205 724
206 724
207 724
209 724
210 724
211 724
213 724
214 724
215 724
218 724
221 724
222 724
224 724
232 724
235 724
237 724
238 724
239 724
241 724
243 724
247 724
248 724
249 724
251 724
252 724
253 724
255 724
256 724
258 724
259 724
262 724
263 724
265 724
266 724
269 724
270 724
273 724
274 724
276 724
277 724
279 724
280 724
284 724
570 724
579 724
581 724
583 724
584 724
585 724
586 724
589 724
591 724
592 724
593 724
599 724
600 724
601 724
602 724
603 724
604 724
606 724
607 724
608 724
609 724
610 724
611 724
612 724
613 724
614 724
615 724
616 724
617 724
618 724
621 724
622 724
623 724
624 724
625 724
626 724
627 724
628 724
629 724
630 724
631 724
633 724
634 724
635 724
636 724
638 724
640 724
641 724
642 724
643 724
10 725
11 725
12 725
13 725
17 725
18 725
19 725
20 725
21 725
71 725
74 725
80 725
84 725
87 725
90 725
91 725
92 725
93 725
96 725
97 725
98 725
99 725
100 725
102 725
103 725
104 725
105 725
200 725
212 725
216 725
217 725
219 725
220 725
223 725
227 725
228 725
229 725
230 725
231 725
242 725
250 725
254 725
257 725
260 725
261 725
264 725
267 725
268 725
271 725
272 725
275 725
278 725
281 725
282 725
283 725
285 725
377 725
379 725
380 725
381 725
382 725
383 725
384 725
385 725
388 725
389 725
390 725
391 725
392 725
393 725
394 725
396 725
402 725
412 725
557 725
558 725
559 725
561 725
562 725
563 725
564 725
565 725
566 725
569 725
571 725
572 725
573 725
574 725
575 725
576 725
577 725
590 725
594 725
595 725
596 725
597 725
598 725
34 726
35 726
36 726
37 726
38 726
43 726
44 726
45 726
46 726
50 726
51 726
52 726
53 726
54 726
57 726
58 726
59 726
60 726
64 726
65 726
66 726
67 726
72 726
73 726
77 726
78 726
79 726
85 726
86 726
378 726
386 726
387 726
395 726
406 726
407 726
408 726
409 726
410 726
411 726
413 726
414 726
415 726
416 726
417 726
419 726
420 726
421 726
422 726
423 726
424 726
425 726
426 726
427 726
428 726
429 726
430 726
431 726
432 726
433 726
434 726
435 726
436 726
437 726
438 726
440 726
441 726
442 726
443 726
444 726
445 726
446 726
447 726
448 726
449 726
450 726
451 726
452 726
453 726
454 726
455 726
456 726
459 726
460 726
461 726
462 726
463 726
464 726
465 726
