828 664
829 664
830 664
831 664
832 664
833 664
834 664
835 664
836 664
840 664
841 664
842 664
843 664
844 664
845 664
846 664
847 664
848 664
849 664
850 664
851 664
852 664
853 664
854 664
855 664
856 664
857 664
858 664
859 664
860 664
861 664
862 664
863 664
864 664
865 664
866 664
867 664
869 664
870 664
871 664
872 664
875 664
876 664
877 664
878 664
879 664
880 664
881 664
882 664
883 664
884 664
885 664
886 664
887 664
888 664
889 664
890 664
891 664
892 664
893 664
894 664
895 664
896 664
897 664
898 664
900 664
901 664
902 664
903 664
904 664
907 664
908 664
909 664
910 664
780 665
781 665
782 665
783 665
784 665
785 665
786 665
787 665
788 665
789 665
790 665
791 665
792 665
793 665
794 665
795 665
796 665
797 665
798 665
799 665
800 665
801 665
802 665
803 665
804 665
805 665
806 665
807 665
808 665
809 665
810 665
811 665
812 665
813 665
814 665
815 665
816 665
817 665
818 665
819 665
820 665
821 665
822 665
823 665
824 665
825 665
826 665
827 665
837 665
838 665
839 665
868 665
873 665
874 665
899 665
905 665
906 665
654 666
656 666
660 666
662 666
663 666
664 666
665 666
666 666
667 666
669 666
671 666
673 666
674 666
675 666
676 666
677 666
678 666
679 666
680 666
681 666
682 666
683 666
684 666
685 666
686 666
687 666
688 666
689 666
690 666
691 666
692 666
693 666
694 666
695 666
696 666
697 666
698 666
699 666
700 666
701 666
702 666
703 666
704 666
154 667
159 667
162 667
166 667
169 667
170 667
173 667
174 667
175 667
176 667
178 667
181 667
182 667
183 667
184 667
185 667
186 667
187 667
188 667
189 667
190 667
191 667
192 667
193 667
195 667
196 667
197 667
198 667
199 667
200 667
201 667
202 667
203 667
204 667
205 667
206 667
207 667
208 667
209 667
210 667
211 667
212 667
213 667
214 667
215 667
216 667
217 667
218 667
219 667
220 667
221 667
222 667
223 667
224 667
225 667
226 667
227 667
228 667
229 667
230 667
231 667
232 667
233 667
234 667
235 667
237 667
238 667
240 667
241 667
243 667
244 667
245 667
246 667
247 667
248 667
325 667
326 667
327 667
328 667
329 667
330 667
331 667
332 667
333 667
334 667
335 667
336 667
337 667
338 667
339 667
340 667
341 667
342 667
343 667
344 667
345 667
346 667
347 667
348 667
349 667
350 667
351 667
352 667
353 667
354 667
355 667
356 667
357 667
358 667
359 667
360 667
362 667
363 667
364 667
365 667
366 667
367 667
368 667
369 667
370 667
371 667
372 667
373 667
374 667
375 667
376 667
377 667
378 667
380 667
389 667
397 667
551 667
628 667
629 667
630 667
631 667
632 667
633 667
634 667
635 667
636 667
637 667
638 667
639 667
640 667
641 667
642 667
643 667
644 667
645 667
646 667
647 667
648 667
649 667
650 667
651 667
652 667
653 667
655 667
657 667
658 667
659 667
661 667
668 667
670 667
672 667
120 668
121 668
122 668
123 668
124 668
125 668
126 668
127 668
128 668
129 668
130 668
131 668
132 668
133 668
134 668
135 668
136 668
137 668
138 668
139 668
140 668
141 668
142 668
143 668
144 668
145 668
146 668
147 668
148 668
149 668
150 668
151 668
152 668
153 668
155 668
156 668
157 668
158 668
160 668
161 668
163 668
164 668
165 668
167 668
168 668
171 668
172 668
179 668
194 668
379 668
381 668
382 668
383 668
384 668
385 668
386 668
387 668
388 668
390 668
391 668
392 668
393 668
394 668
395 668
396 668
398 668
399 668
476 668
478 668
479 668
480 668
481 668
482 668
483 668
484 668
485 668
486 668
487 668
488 668
489 668
490 668
491 668
492 668
493 668
494 668
495 668
496 668
497 668
498 668
499 668
500 668
501 668
502 668
503 668
505 668
506 668
507 668
508 668
509 668
510 668
511 668
512 668
513 668
514 668
515 668
516 668
517 668
518 668
519 668
520 668
521 668
522 668
523 668
524 668
525 668
526 668
527 668
528 668
529 668
530 668
531 668
532 668
533 668
534 668
535 668
536 668
537 668
538 668
539 668
540 668
541 668
542 668
543 668
544 668
545 668
546 668
547 668
548 668
549 668
550 668
477 669
504 669
