895 626
896 626
897 626
898 626
899 626
904 626
905 626
906 626
909 626
910 626
873 627
874 627
878 627
879 627
880 627
882 627
883 627
884 627
885 627
886 627
887 627
888 627
889 627
890 627
891 627
892 627
893 627
900 627
859 628
860 628
862 628
863 628
864 628
865 628
866 628
867 628
868 628
869 628
870 628
871 628
872 628
875 628
876 628
877 628
881 628
840 629
841 629
843 629
844 629
846 629
847 629
848 629
849 629
850 629
851 629
852 629
853 629
854 629
855 629
856 629
857 629
858 629
861 629
842 630
845 630
811 631
812 631
813 631
814 631
816 631
817 631
819 631
820 631
821 631
825 631
787 632
788 632
789 632
790 632
791 632
793 632
794 632
795 632
796 632
797 632
798 632
799 632
800 632
801 632
802 632
803 632
804 632
805 632
806 632
807 632
808 632
809 632
810 632
815 632
777 633
778 633
779 633
780 633
781 633
782 633
783 633
784 633
785 633
786 633
792 633
712 636
703 637
704 637
705 637
706 637
707 637
708 637
709 637
710 637
711 637
690 638
691 638
692 638
693 638
694 638
695 638
696 638
697 638
698 638
699 638
700 638
701 638
702 638
672 639
673 639
674 639
675 639
676 639
677 639
678 639
679 639
680 639
681 639
682 639
683 639
684 639
685 639
686 639
687 639
688 639
689 639
657 640
658 640
659 640
660 640
661 640
662 640
663 640
664 640
665 640
666 640
667 640
668 640
669 640
670 640
671 640
648 641
649 641
650 641
651 641
652 641
653 641
654 641
655 641
656 641
575 645
578 645
579 645
580 645
581 645
556 646
559 646
561 646
563 646
564 646
565 646
566 646
567 646
568 646
569 646
570 646
571 646
572 646
573 646
574 646
576 646
577 646
534 647
535 647
539 647
541 647
543 647
544 647
545 647
546 647
547 647
549 647
551 647
552 647
553 647
554 647
555 647
557 647
558 647
560 647
562 647
513 648
521 648
522 648
526 648
527 648
528 648
529 648
530 648
531 648
532 648
533 648
536 648
537 648
538 648
540 648
514 649
515 649
516 649
517 649
518 649
519 649
520 649
523 649
524 649
525 649
430 652
432 652
435 652
438 652
439 652
440 652
441 652
409 653
410 653
411 653
412 653
413 653
414 653
415 653
416 653
417 653
418 653
419 653
420 653
421 653
422 653
423 653
424 653
425 653
426 653
427 653
428 653
429 653
431 653
433 653
434 653
436 653
437 653
385 654
386 654
387 654
388 654
389 654
390 654
391 654
392 654
393 654
394 654
395 654
396 654
397 654
398 654
399 654
400 654
401 654
402 654
403 654
404 654
405 654
406 654
407 654
408 654
369 655
370 655
371 655
372 655
373 655
374 655
375 655
376 655
377 655
378 655
379 655
380 655
381 655
382 655
383 655
384 655
287 659
288 659
289 659
290 659
291 659
292 659
293 659
294 659
295 659
262 660
264 660
266 660
267 660
268 660
269 660
270 660
271 660
272 660
273 660
274 660
276 660
277 660
278 660
279 660
280 660
281 660
282 660
283 660
284 660
285 660
286 660
237 661
240 661
243 661
245 661
246 661
249 661
250 661
251 661
252 661
253 661
254 661
255 661
256 661
257 661
258 661
259 661
260 661
261 661
263 661
265 661
228 662
229 662
230 662
231 662
232 662
233 662
234 662
235 662
236 662
238 662
239 662
241 662
242 662
244 662
247 662
248 662
205 663
209 663
210 663
211 663
212 663
213 663
214 663
215 663
216 663
217 663
218 663
219 663
220 663
221 663
222 663
223 663
224 663
225 663
226 663
227 663
188 664
190 664
192 664
193 664
194 664
195 664
196 664
197 664
198 664
199 664
200 664
201 664
202 664
203 664
204 664
206 664
207 664
208 664
171 665
173 665
175 665
176 665
177 665
178 665
179 665
180 665
181 665
182 665
183 665
184 665
185 665
186 665
187 665
189 665
191 665
150 666
153 666
157 666
159 666
160 666
161 666
162 666
163 666
164 666
165 666
166 666
167 666
168 666
169 666
170 666
172 666
174 666
158 667
