2.232965e+02 5.339525e+01 0
2.237160e+02 5.339658e+01 0
2.241356e+02 5.339791e+01 0
2.245551e+02 5.339924e+01 0
2.249746e+02 5.340058e+01 0
2.253941e+02 5.340191e+01 0
2.258135e+02 5.340324e+01 0
2.262330e+02 5.340457e+01 0
2.266524e+02 5.340590e+01 0
2.270717e+02 5.340723e+01 0
2.274911e+02 5.340857e+01 0
2.279104e+02 5.340990e+01 0
2.283297e+02 5.341123e+01 0
2.287489e+02 5.341256e+01 0
2.291682e+02 5.341389e+01 0
2.295874e+02 5.341522e+01 0
2.300065e+02 5.341655e+01 0
2.304257e+02 5.341788e+01 0
2.308448e+02 5.341921e+01 0
2.312639e+02 5.342054e+01 0
2.316830e+02 5.342187e+01 0
2.321020e+02 5.342321e+01 0
2.325210e+02 5.342454e+01 0
2.329400e+02 5.342587e+01 0
2.333590e+02 5.342720e+01 0
2.337779e+02 5.342853e+01 0
2.341968e+02 5.342986e+01 0
2.346157e+02 5.343119e+01 0
2.350346e+02 5.343252e+01 0
2.354534e+02 5.343385e+01 0
2.358722e+02 5.343518e+01 0
2.362910e+02 5.343651e+01 0
2.367097e+02 5.343783e+01 0
2.371284e+02 5.343916e+01 0
2.375471e+02 5.344049e+01 0
2.379658e+02 5.344182e+01 0
2.383844e+02 5.344315e+01 0
2.388030e+02 5.344448e+01 0
2.392216e+02 5.344581e+01 0
2.396402e+02 5.344714e+01 0
2.400587e+02 5.344847e+01 0
2.404772e+02 5.344980e+01 0
2.408957e+02 5.345113e+01 0
2.413141e+02 5.345245e+01 0
2.417325e+02 5.345378e+01 0
2.421509e+02 5.345511e+01 0
2.425693e+02 5.345644e+01 0
1.680937e+02 5.364571e+01 0
1.685169e+02 5.364704e+01 0
1.689400e+02 5.364837e+01 0
1.693631e+02 5.364970e+01 0
1.697861e+02 5.365103e+01 0
1.702092e+02 5.365236e+01 0
1.706322e+02 5.365369e+01 0
1.714781e+02 5.365635e+01 0
1.719011e+02 5.365767e+01 0
1.723240e+02 5.365900e+01 0
1.727469e+02 5.366033e+01 0
1.731697e+02 5.366166e+01 0
1.735925e+02 5.366299e+01 0
1.740153e+02 5.366432e+01 0
1.744381e+02 5.366565e+01 0
1.748608e+02 5.366698e+01 0
1.752835e+02 5.366830e+01 0
1.757062e+02 5.366963e+01 0
1.761289e+02 5.367096e+01 0
1.765515e+02 5.367229e+01 0
1.769741e+02 5.367362e+01 0
1.773967e+02 5.367494e+01 0
1.778192e+02 5.367627e+01 0
1.782418e+02 5.367760e+01 0
1.786643e+02 5.367893e+01 0
1.790867e+02 5.368025e+01 0
1.795092e+02 5.368158e+01 0
1.799316e+02 5.368291e+01 0
1.803540e+02 5.368424e+01 0
1.807763e+02 5.368556e+01 0
1.811986e+02 5.368689e+01 0
1.816209e+02 5.368822e+01 0
1.820432e+02 5.368955e+01 0
1.824655e+02 5.369087e+01 0
1.828877e+02 5.369220e+01 0
1.833099e+02 5.369353e+01 0
1.837320e+02 5.369485e+01 0
1.841542e+02 5.369618e+01 0
1.845763e+02 5.369751e+01 0
1.849984e+02 5.369883e+01 0
1.854204e+02 5.370016e+01 0
1.858425e+02 5.370148e+01 0
1.862645e+02 5.370281e+01 0
1.866864e+02 5.370414e+01 0
1.871084e+02 5.370546e+01 0
1.875303e+02 5.370679e+01 0
1.879522e+02 5.370811e+01 0
1.883741e+02 5.370944e+01 0
1.887959e+02 5.371077e+01 0
1.892177e+02 5.371209e+01 0
1.896395e+02 5.371342e+01 0
1.900612e+02 5.371474e+01 0
1.904830e+02 5.371607e+01 0
1.909047e+02 5.371739e+01 0
1.913263e+02 5.371872e+01 0
1.917480e+02 5.372004e+01 0
1.921696e+02 5.372137e+01 0
1.925912e+02 5.372269e+01 0
1.930128e+02 5.372402e+01 0
1.934343e+02 5.372534e+01 0
1.938558e+02 5.372667e+01 0
1.942773e+02 5.372799e+01 0
1.946987e+02 5.372931e+01 0
1.951202e+02 5.373064e+01 0
1.955416e+02 5.373196e+01 0
1.192460e+02 5.391953e+01 0
1.243600e+02 5.393543e+01 0
1.247860e+02 5.393676e+01 0
1.252120e+02 5.393808e+01 0
1.260638e+02 5.394073e+01 0
1.269155e+02 5.394338e+01 0
1.273413e+02 5.394470e+01 0
1.290444e+02 5.395000e+01 0
1.294700e+02 5.395132e+01 0
1.303213e+02 5.395397e+01 0
1.311725e+02 5.395662e+01 0
1.315980e+02 5.395794e+01 0
1.320235e+02 5.395926e+01 0
1.324490e+02 5.396059e+01 0
1.328745e+02 5.396191e+01 0
1.337253e+02 5.396456e+01 0
1.341507e+02 5.396588e+01 0
1.345761e+02 5.396720e+01 0
1.350014e+02 5.396853e+01 0
1.354267e+02 5.396985e+01 0
1.358520e+02 5.397117e+01 0
1.362772e+02 5.397249e+01 0
1.367024e+02 5.397382e+01 0
1.371276e+02 5.397514e+01 0
1.375527e+02 5.397646e+01 0
1.379779e+02 5.397778e+01 0
1.384030e+02 5.397910e+01 0
1.388281e+02 5.398043e+01 0
1.392531e+02 5.398175e+01 0
1.396781e+02 5.398307e+01 0
1.401031e+02 5.398439e+01 0
1.710531e+02 5.408064e+01 0
-4.828677e+01 5.383131e+01 0
-4.697499e+01 5.383535e+01 0
-4.653779e+01 5.383669e+01 0
-4.260427e+01 5.384880e+01 0
-4.216736e+01 5.385014e+01 0
-4.129362e+01 5.385283e+01 0
-3.910977e+01 5.385955e+01 0
-3.867309e+01 5.386089e+01 0
-3.692664e+01 5.386627e+01 0
-3.649010e+01 5.386761e+01 0
-3.518066e+01 5.387164e+01 0
-3.387147e+01 5.387567e+01 0
-3.343513e+01 5.387701e+01 0
-3.299882e+01 5.387835e+01 0
-3.256254e+01 5.387970e+01 0
-3.169007e+01 5.388238e+01 0
-3.125387e+01 5.388372e+01 0
-3.038157e+01 5.388641e+01 0
-2.994546e+01 5.388775e+01 0
-2.950938e+01 5.388909e+01 0
-2.907333e+01 5.389043e+01 0
5.109727e-01 5.398147e+01 0
9.450504e-01 5.398281e+01 0
1.379099e+00 5.398414e+01 0
1.813120e+00 5.398548e+01 0
2.247112e+00 5.398681e+01 0
2.681076e+00 5.398815e+01 0
3.115011e+00 5.398948e+01 0
3.548918e+00 5.399082e+01 0
3.982796e+00 5.399215e+01 0
4.416646e+00 5.399349e+01 0
4.850467e+00 5.399482e+01 0
5.284260e+00 5.399616e+01 0
5.718024e+00 5.399749e+01 0
6.151760e+00 5.399883e+01 0
6.585467e+00 5.400016e+01 0
7.019146e+00 5.400150e+01 0
7.452796e+00 5.400283e+01 0
7.886418e+00 5.400417e+01 0
8.320012e+00 5.400550e+01 0
8.753577e+00 5.400683e+01 0
9.187113e+00 5.400817e+01 0
9.620621e+00 5.400950e+01 0
1.005410e+01 5.401084e+01 0
1.048755e+01 5.401217e+01 0
1.092097e+01 5.401350e+01 0
1.135437e+01 5.401484e+01 0
1.178774e+01 5.401617e+01 0
1.222107e+01 5.401750e+01 0
1.265438e+01 5.401884e+01 0
1.308766e+01 5.402017e+01 0
1.352091e+01 5.402150e+01 0
1.395414e+01 5.402284e+01 0
1.438733e+01 5.402417e+01 0
1.482050e+01 5.402550e+01 0
1.525364e+01 5.402684e+01 0
1.568675e+01 5.402817e+01 0
1.611983e+01 5.402950e+01 0
1.655288e+01 5.403083e+01 0
1.698591e+01 5.403217e+01 0
1.741891e+01 5.403350e+01 0
1.785187e+01 5.403483e+01 0
1.828481e+01 5.403616e+01 0
1.871772e+01 5.403750e+01 0
1.915061e+01 5.403883e+01 0
1.958346e+01 5.404016e+01 0
2.001629e+01 5.404149e+01 0
2.044909e+01 5.404282e+01 0
2.088186e+01 5.404416e+01 0
2.131460e+01 5.404549e+01 0
2.174731e+01 5.404682e+01 0
2.217999e+01 5.404815e+01 0
2.261265e+01 5.404948e+01 0
2.304528e+01 5.405081e+01 0
2.347788e+01 5.405214e+01 0
2.391045e+01 5.405347e+01 0
2.434299e+01 5.405481e+01 0
2.477550e+01 5.405614e+01 0
2.520799e+01 5.405747e+01 0
2.564045e+01 5.405880e+01 0
2.607288e+01 5.406013e+01 0
2.650528e+01 5.406146e+01 0
2.693765e+01 5.406279e+01 0
2.736999e+01 5.406412e+01 0
2.780231e+01 5.406545e+01 0
2.823460e+01 5.406678e+01 0
5.670307e+01 5.415438e+01 0
5.713346e+01 5.415571e+01 0
5.756383e+01 5.415703e+01 0
6.100576e+01 5.416762e+01 0
6.143587e+01 5.416895e+01 0
6.186596e+01 5.417027e+01 0
6.401597e+01 5.417689e+01 0
6.444589e+01 5.417821e+01 0
6.616528e+01 5.418350e+01 0
6.702480e+01 5.418615e+01 0
6.788422e+01 5.418879e+01 0
7.217960e+01 5.420201e+01 0
7.346767e+01 5.420597e+01 0
7.733037e+01 5.421786e+01 0
7.775941e+01 5.421918e+01 0
7.861743e+01 5.422182e+01 0
8.033311e+01 5.422710e+01 0
8.290581e+01 5.423501e+01 0
1.128463e+02 5.432715e+01 0
1.132730e+02 5.432846e+01 0
1.136997e+02 5.432977e+01 0
1.141264e+02 5.433109e+01 0
1.145530e+02 5.433240e+01 0
1.149797e+02 5.433371e+01 0
1.154063e+02 5.433502e+01 0
1.158328e+02 5.433634e+01 0
1.162594e+02 5.433765e+01 0
1.166859e+02 5.433896e+01 0
1.171124e+02 5.434027e+01 0
1.175388e+02 5.434159e+01 0
1.179652e+02 5.434290e+01 0
1.183916e+02 5.434421e+01 0
1.188180e+02 5.434552e+01 0
1.196707e+02 5.434815e+01 0
1.200970e+02 5.434946e+01 0
1.205232e+02 5.435077e+01 0
1.209495e+02 5.435208e+01 0
1.213757e+02 5.435339e+01 0
1.218018e+02 5.435470e+01 0
1.222280e+02 5.435602e+01 0
1.226541e+02 5.435733e+01 0
1.230802e+02 5.435864e+01 0
1.235063e+02 5.435995e+01 0
1.239323e+02 5.436126e+01 0
1.256362e+02 5.436650e+01 0
1.264880e+02 5.436912e+01 0
1.277654e+02 5.437306e+01 0
1.281912e+02 5.437437e+01 0
1.286169e+02 5.437568e+01 0
1.298939e+02 5.437961e+01 0
1.307452e+02 5.438222e+01 0
1.332982e+02 5.439008e+01 0
-5.222373e+01 5.425209e+01 0
-5.178618e+01 5.425342e+01 0
-5.091118e+01 5.425609e+01 0
-5.047373e+01 5.425742e+01 0
-5.003630e+01 5.425875e+01 0
-4.959890e+01 5.426008e+01 0
-4.916153e+01 5.426141e+01 0
-4.872419e+01 5.426275e+01 0
-4.784959e+01 5.426541e+01 0
-4.741234e+01 5.426674e+01 0
-4.610074e+01 5.427073e+01 0
-4.566361e+01 5.427206e+01 0
-4.522649e+01 5.427339e+01 0
-4.478941e+01 5.427472e+01 0
-4.435236e+01 5.427606e+01 0
-4.304137e+01 5.428005e+01 0
-4.173064e+01 5.428404e+01 0
-4.085697e+01 5.428670e+01 0
-4.042017e+01 5.428803e+01 0
-3.998341e+01 5.428936e+01 0
-3.780001e+01 5.429600e+01 0
-3.736342e+01 5.429733e+01 0
-3.605381e+01 5.430132e+01 0
-3.474447e+01 5.430531e+01 0
-3.212655e+01 5.431328e+01 0
-3.081798e+01 5.431726e+01 0
5.799308e+01 5.458765e+01 0
5.842339e+01 5.458896e+01 0
5.885367e+01 5.459027e+01 0
5.928392e+01 5.459158e+01 0
5.971414e+01 5.459289e+01 0
6.014434e+01 5.459420e+01 0
6.057450e+01 5.459551e+01 0
6.229489e+01 5.460075e+01 0
6.272492e+01 5.460206e+01 0
6.315491e+01 5.460337e+01 0
6.358488e+01 5.460468e+01 0
6.487463e+01 5.460860e+01 0
6.530448e+01 5.460991e+01 0
6.573431e+01 5.461122e+01 0
6.659389e+01 5.461384e+01 0
6.745335e+01 5.461646e+01 0
6.831270e+01 5.461907e+01 0
6.874233e+01 5.462038e+01 0
6.917194e+01 5.462169e+01 0
6.960151e+01 5.462300e+01 0
7.003106e+01 5.462430e+01 0
7.046058e+01 5.462561e+01 0
7.089008e+01 5.462692e+01 0
7.131954e+01 5.462823e+01 0
7.174898e+01 5.462953e+01 0
7.260777e+01 5.463215e+01 0
7.303712e+01 5.463346e+01 0
7.389574e+01 5.463607e+01 0
7.432501e+01 5.463738e+01 0
7.475425e+01 5.463868e+01 0
7.518346e+01 5.463999e+01 0
7.561264e+01 5.464130e+01 0
7.604180e+01 5.464260e+01 0
7.647093e+01 5.464391e+01 0
7.690003e+01 5.464522e+01 0
7.818716e+01 5.464914e+01 0
7.904511e+01 5.465175e+01 0
7.947404e+01 5.465305e+01 0
7.990294e+01 5.465436e+01 0
8.076067e+01 5.465697e+01 0
8.118949e+01 5.465828e+01 0
8.161828e+01 5.465958e+01 0
8.204704e+01 5.466089e+01 0
8.247578e+01 5.466219e+01 0
8.333317e+01 5.466480e+01 0
8.376182e+01 5.466611e+01 0
8.419045e+01 5.466741e+01 0
