1.533312e+02 1.329842e+02 0
1.533297e+02 1.333497e+02 0
1.533282e+02 1.337153e+02 0
1.533266e+02 1.340808e+02 0
1.533251e+02 1.344464e+02 0
1.533236e+02 1.348119e+02 0
1.533221e+02 1.351774e+02 0
1.533206e+02 1.355429e+02 0
1.533191e+02 1.359084e+02 0
1.533130e+02 1.373703e+02 0
1.533115e+02 1.377357e+02 0
1.533100e+02 1.381012e+02 0
1.533085e+02 1.384666e+02 0
1.533070e+02 1.388321e+02 0
1.533054e+02 1.391975e+02 0
1.533039e+02 1.395629e+02 0
1.533024e+02 1.399283e+02 0
1.533009e+02 1.402937e+02 0
1.532994e+02 1.406591e+02 0
1.532979e+02 1.410245e+02 0
1.532964e+02 1.413899e+02 0
1.532948e+02 1.417553e+02 0
1.532933e+02 1.421206e+02 0
1.532918e+02 1.424860e+02 0
1.532903e+02 1.428513e+02 0
1.532888e+02 1.432167e+02 0
1.532873e+02 1.435820e+02 0
1.532858e+02 1.439473e+02 0
1.532842e+02 1.443127e+02 0
1.532827e+02 1.446780e+02 0
1.532812e+02 1.450433e+02 0
1.532797e+02 1.454086e+02 0
1.532782e+02 1.457739e+02 0
1.532767e+02 1.461391e+02 0
1.532752e+02 1.465044e+02 0
1.532736e+02 1.468697e+02 0
1.532721e+02 1.472349e+02 0
1.532691e+02 1.479654e+02 0
1.532676e+02 1.483306e+02 0
1.532661e+02 1.486959e+02 0
1.532646e+02 1.490611e+02 0
1.532600e+02 1.501567e+02 0
1.532585e+02 1.505219e+02 0
1.532570e+02 1.508871e+02 0
1.532555e+02 1.512522e+02 0
1.532540e+02 1.516174e+02 0
1.532525e+02 1.519826e+02 0
1.532509e+02 1.523477e+02 0
1.532494e+02 1.527128e+02 0
1.532479e+02 1.530780e+02 0
1.532464e+02 1.534431e+02 0
1.532449e+02 1.538082e+02 0
1.532434e+02 1.541733e+02 0
1.532419e+02 1.545384e+02 0
1.532404e+02 1.549035e+02 0
1.532388e+02 1.552686e+02 0
1.532373e+02 1.556337e+02 0
1.532358e+02 1.559988e+02 0
1.532343e+02 1.563638e+02 0
1.532328e+02 1.567289e+02 0
1.532313e+02 1.570939e+02 0
1.532298e+02 1.574590e+02 0
1.532283e+02 1.578240e+02 0
1.532267e+02 1.581890e+02 0
1.532252e+02 1.585541e+02 0
1.532222e+02 1.592841e+02 0
1.532207e+02 1.596491e+02 0
1.532192e+02 1.600141e+02 0
1.532177e+02 1.603790e+02 0
1.532162e+02 1.607440e+02 0
1.532116e+02 1.618389e+02 0
1.532101e+02 1.622038e+02 0
1.532086e+02 1.625687e+02 0
1.532071e+02 1.629337e+02 0
1.537685e+02 1.154279e+02 0
1.537670e+02 1.157938e+02 0
1.537655e+02 1.161597e+02 0
1.537640e+02 1.165256e+02 0
1.537625e+02 1.168915e+02 0
1.537609e+02 1.172574e+02 0
1.537594e+02 1.176233e+02 0
1.537579e+02 1.179891e+02 0
1.537564e+02 1.183550e+02 0
1.537549e+02 1.187208e+02 0
1.537533e+02 1.190867e+02 0
1.537518e+02 1.194525e+02 0
1.537503e+02 1.198183e+02 0
1.537488e+02 1.201841e+02 0
1.537473e+02 1.205499e+02 0
1.537457e+02 1.209158e+02 0
1.537442e+02 1.212815e+02 0
1.537427e+02 1.216473e+02 0
1.537412e+02 1.220131e+02 0
1.537397e+02 1.223789e+02 0
1.537381e+02 1.227446e+02 0
1.537366e+02 1.231104e+02 0
1.537351e+02 1.234761e+02 0
1.537336e+02 1.238419e+02 0
1.537321e+02 1.242076e+02 0
1.537305e+02 1.245733e+02 0
1.537290e+02 1.249391e+02 0
1.537275e+02 1.253048e+02 0
1.537260e+02 1.256705e+02 0
1.537245e+02 1.260362e+02 0
1.537229e+02 1.264019e+02 0
1.537214e+02 1.267675e+02 0
1.537199e+02 1.271332e+02 0
1.537184e+02 1.274989e+02 0
1.537169e+02 1.278645e+02 0
1.537153e+02 1.282302e+02 0
1.537138e+02 1.285958e+02 0
1.537123e+02 1.289614e+02 0
1.537108e+02 1.293271e+02 0
1.537093e+02 1.296927e+02 0
1.537078e+02 1.300583e+02 0
1.537062e+02 1.304239e+02 0
1.537047e+02 1.307895e+02 0
1.537032e+02 1.311551e+02 0
1.537017e+02 1.315206e+02 0
1.537002e+02 1.318862e+02 0
1.536986e+02 1.322518e+02 0
1.536971e+02 1.326173e+02 0
1.536819e+02 1.362725e+02 0
1.536804e+02 1.366379e+02 0
1.536789e+02 1.370034e+02 0
1.536349e+02 1.475984e+02 0
1.536273e+02 1.494245e+02 0
1.536258e+02 1.497897e+02 0
1.535879e+02 1.589170e+02 0
1.535788e+02 1.611068e+02 0
1.535772e+02 1.614718e+02 0
1.543254e+02 6.926182e+01 0
1.543223e+02 6.999556e+01 0
1.543162e+02 7.146295e+01 0
1.543132e+02 7.219661e+01 0
1.543116e+02 7.256342e+01 0
1.543101e+02 7.293022e+01 0
1.543086e+02 7.329702e+01 0
1.543071e+02 7.366381e+01 0
1.543055e+02 7.403060e+01 0
1.543025e+02 7.476414e+01 0
1.542994e+02 7.549765e+01 0
1.542964e+02 7.623113e+01 0
1.542948e+02 7.659786e+01 0
1.542933e+02 7.696458e+01 0
1.542918e+02 7.733129e+01 0
1.542903e+02 7.769799e+01 0
1.542887e+02 7.806469e+01 0
1.542872e+02 7.843138e+01 0
1.542857e+02 7.879806e+01 0
1.542841e+02 7.916474e+01 0
1.542826e+02 7.953140e+01 0
1.542811e+02 7.989806e+01 0
1.542796e+02 8.026471e+01 0
1.542780e+02 8.063135e+01 0
1.542765e+02 8.099799e+01 0
1.542750e+02 8.136462e+01 0
1.542735e+02 8.173124e+01 0
1.542719e+02 8.209785e+01 0
1.542704e+02 8.246445e+01 0
1.542689e+02 8.283105e+01 0
1.542673e+02 8.319764e+01 0
1.542658e+02 8.356422e+01 0
1.542643e+02 8.393079e+01 0
1.542628e+02 8.429736e+01 0
1.542612e+02 8.466391e+01 0
1.542597e+02 8.503046e+01 0
1.542582e+02 8.539701e+01 0
1.542567e+02 8.576354e+01 0
1.542551e+02 8.613007e+01 0
1.542536e+02 8.649659e+01 0
1.542521e+02 8.686310e+01 0
1.542506e+02 8.722960e+01 0
1.542490e+02 8.759610e+01 0
1.554604e+02 -1.151475e+02 0
1.554527e+02 -1.132937e+02 0
1.554480e+02 -1.121815e+02 0
1.554418e+02 -1.106987e+02 0
1.554372e+02 -1.095867e+02 0
1.554357e+02 -1.092160e+02 0
1.554310e+02 -1.081041e+02 0
1.554295e+02 -1.077335e+02 0
1.554279e+02 -1.073628e+02 0
1.554264e+02 -1.069922e+02 0
1.554233e+02 -1.062510e+02 0
1.554186e+02 -1.051393e+02 0
1.554171e+02 -1.047687e+02 0
1.554155e+02 -1.043982e+02 0
1.554140e+02 -1.040276e+02 0
1.554124e+02 -1.036571e+02 0
1.554109e+02 -1.032865e+02 0
1.554094e+02 -1.029160e+02 0
1.554078e+02 -1.025455e+02 0
1.554063e+02 -1.021750e+02 0
1.554047e+02 -1.018045e+02 0
1.554032e+02 -1.014340e+02 0
1.554016e+02 -1.010635e+02 0
1.554001e+02 -1.006930e+02 0
1.553970e+02 -9.995211e+01 0
1.553954e+02 -9.958165e+01 0
1.553939e+02 -9.921121e+01 0
1.553923e+02 -9.884077e+01 0
1.553908e+02 -9.847034e+01 0
1.553892e+02 -9.809992e+01 0
1.553877e+02 -9.772950e+01 0
1.553861e+02 -9.735910e+01 0
1.553846e+02 -9.698870e+01 0
1.553831e+02 -9.661831e+01 0
1.553815e+02 -9.624792e+01 0
1.553800e+02 -9.587755e+01 0
1.553784e+02 -9.550718e+01 0
1.553769e+02 -9.513682e+01 0
1.553753e+02 -9.476647e+01 0
1.553738e+02 -9.439613e+01 0
1.553722e+02 -9.402579e+01 0
1.553707e+02 -9.365546e+01 0
1.553691e+02 -9.328514e+01 0
1.553676e+02 -9.291483e+01 0
1.553660e+02 -9.254453e+01 0
1.553645e+02 -9.217423e+01 0
1.553630e+02 -9.180394e+01 0
1.553614e+02 -9.143366e+01 0
1.553599e+02 -9.106339e+01 0
1.553583e+02 -9.069313e+01 0
1.553568e+02 -9.032287e+01 0
1.553552e+02 -8.995262e+01 0
1.553537e+02 -8.958238e+01 0
1.553521e+02 -8.921214e+01 0
1.553506e+02 -8.884192e+01 0
1.553490e+02 -8.847170e+01 0
1.553475e+02 -8.810149e+01 0
1.553459e+02 -8.773129e+01 0
1.553444e+02 -8.736110e+01 0
1.553429e+02 -8.699091e+01 0
1.553413e+02 -8.662073e+01 0
1.553398e+02 -8.625056e+01 0
1.553382e+02 -8.588040e+01 0
1.553367e+02 -8.551024e+01 0
1.553351e+02 -8.514010e+01 0
1.553320e+02 -8.439983e+01 0
1.553305e+02 -8.402970e+01 0
1.553274e+02 -8.328948e+01 0
1.553259e+02 -8.291938e+01 0
1.553228e+02 -8.217921e+01 0
1.553212e+02 -8.180913e+01 0
1.553197e+02 -8.143906e+01 0
1.553181e+02 -8.106900e+01 0
1.553166e+02 -8.069895e+01 0
1.553150e+02 -8.032890e+01 0
1.551962e+02 -5.185906e+01 0
1.551946e+02 -5.148963e+01 0
1.551931e+02 -5.112021e+01 0
1.551915e+02 -5.075079e+01 0
1.551900e+02 -5.038138e+01 0
1.551885e+02 -5.001198e+01 0
1.551869e+02 -4.964259e+01 0
1.551854e+02 -4.927320e+01 0
1.551838e+02 -4.890383e+01 0
1.551823e+02 -4.853446e+01 0
1.551807e+02 -4.816510e+01 0
1.551792e+02 -4.779574e+01 0
1.551777e+02 -4.742640e+01 0
1.551761e+02 -4.705706e+01 0
1.551746e+02 -4.668773e+01 0
1.551730e+02 -4.631841e+01 0
1.551715e+02 -4.594909e+01 0
1.551699e+02 -4.557979e+01 0
1.551684e+02 -4.521049e+01 0
1.551669e+02 -4.484120e+01 0
1.551653e+02 -4.447191e+01 0
1.551638e+02 -4.410264e+01 0
1.551622e+02 -4.373337e+01 0
1.551607e+02 -4.336411e+01 0
1.551592e+02 -4.299486e+01 0
1.551576e+02 -4.262561e+01 0
1.551561e+02 -4.225638e+01 0
1.551545e+02 -4.188715e+01 0
1.551530e+02 -4.151793e+01 0
1.551514e+02 -4.114872e+01 0
1.551499e+02 -4.077951e+01 0
1.551484e+02 -4.041032e+01 0
1.551468e+02 -4.004113e+01 0
1.551453e+02 -3.967195e+01 0
1.551437e+02 -3.930277e+01 0
1.551422e+02 -3.893361e+01 0
1.551391e+02 -3.819530e+01 0
1.551376e+02 -3.782616e+01 0
1.551360e+02 -3.745702e+01 0
1.551345e+02 -3.708790e+01 0
1.551329e+02 -3.671878e+01 0
1.551314e+02 -3.634967e+01 0
1.551299e+02 -3.598057e+01 0
1.551283e+02 -3.561147e+01 0
1.551268e+02 -3.524238e+01 0
1.551252e+02 -3.487330e+01 0
1.551237e+02 -3.450423e+01 0
1.551222e+02 -3.413517e+01 0
1.551206e+02 -3.376611e+01 0
1.551191e+02 -3.339706e+01 0
1.551175e+02 -3.302802e+01 0
1.551160e+02 -3.265899e+01 0
1.551145e+02 -3.228997e+01 0
1.551114e+02 -3.155194e+01 0
1.550975e+02 -2.823121e+01 0
1.550852e+02 -2.527999e+01 0
1.548484e+02 3.143363e+01 0
1.547303e+02 5.972113e+01 0
1.547287e+02 6.008820e+01 0
1.547272e+02 6.045526e+01 0
1.547257e+02 6.082231e+01 0
1.547241e+02 6.118935e+01 0
1.547226e+02 6.155639e+01 0
1.547211e+02 6.192342e+01 0
1.547195e+02 6.229044e+01 0
1.547180e+02 6.265745e+01 0
1.547165e+02 6.302445e+01 0
1.547149e+02 6.339145e+01 0
1.547134e+02 6.375844e+01 0
1.547119e+02 6.412542e+01 0
1.547103e+02 6.449240e+01 0
1.547088e+02 6.485936e+01 0
1.547073e+02 6.522632e+01 0
1.547057e+02 6.559327e+01 0
1.547042e+02 6.596021e+01 0
1.547027e+02 6.632715e+01 0
1.547012e+02 6.669407e+01 0
1.546996e+02 6.706099e+01 0
1.546981e+02 6.742791e+01 0
1.546966e+02 6.779481e+01 0
1.546950e+02 6.816171e+01 0
1.546935e+02 6.852859e+01 0
1.546920e+02 6.889547e+01 0
1.546889e+02 6.962921e+01 0
1.546858e+02 7.036292e+01 0
1.546843e+02 7.072976e+01 0
1.546828e+02 7.109659e+01 0
1.546797e+02 7.183024e+01 0
1.546690e+02 7.439775e+01 0
1.546659e+02 7.513126e+01 0
1.546629e+02 7.586473e+01 0
1.558801e+02 -1.277523e+02 0
1.558786e+02 -1.273813e+02 0
1.558770e+02 -1.270103e+02 0
1.558755e+02 -1.266392e+02 0
1.558739e+02 -1.262682e+02 0
1.558724e+02 -1.258972e+02 0
1.558708e+02 -1.255262e+02 0
1.558693e+02 -1.251553e+02 0
1.558677e+02 -1.247843e+02 0
1.558662e+02 -1.244133e+02 0
1.558646e+02 -1.240423e+02 0
1.558631e+02 -1.236714e+02 0
1.558615e+02 -1.233004e+02 0
1.558600e+02 -1.229295e+02 0
1.558584e+02 -1.225586e+02 0
1.558569e+02 -1.221876e+02 0
1.558553e+02 -1.218167e+02 0
1.558537e+02 -1.214458e+02 0
1.558522e+02 -1.210749e+02 0
1.558506e+02 -1.207040e+02 0
1.558491e+02 -1.203331e+02 0
1.558475e+02 -1.199623e+02 0
1.558460e+02 -1.195914e+02 0
1.558444e+02 -1.192205e+02 0
1.558429e+02 -1.188497e+02 0
1.558413e+02 -1.184788e+02 0
1.558398e+02 -1.181080e+02 0
1.558382e+02 -1.177372e+02 0
1.558367e+02 -1.173663e+02 0
1.558351e+02 -1.169955e+02 0
1.558336e+02 -1.166247e+02 0
1.558320e+02 -1.162539e+02 0
1.558305e+02 -1.158831e+02 0
1.558289e+02 -1.155124e+02 0
1.558258e+02 -1.147708e+02 0
1.558243e+02 -1.144001e+02 0
1.558227e+02 -1.140293e+02 0
1.558212e+02 -1.136586e+02 0
1.558180e+02 -1.129171e+02 0
1.558165e+02 -1.125464e+02 0
1.558134e+02 -1.118050e+02 0
1.558118e+02 -1.114343e+02 0
1.558103e+02 -1.110636e+02 0
1.558072e+02 -1.103222e+02 0
1.558056e+02 -1.099516e+02 0
1.558010e+02 -1.088396e+02 0
1.557994e+02 -1.084690e+02 0
1.557886e+02 -1.058748e+02 0
1.557653e+02 -1.003171e+02 0
1.554790e+02 -3.191748e+01 0
1.554759e+02 -3.117949e+01 0
1.554744e+02 -3.081050e+01 0
1.554728e+02 -3.044153e+01 0
1.554713e+02 -3.007256e+01 0
1.554697e+02 -2.970360e+01 0
1.554682e+02 -2.933465e+01 0
1.554666e+02 -2.896571e+01 0
1.554651e+02 -2.859677e+01 0
1.554620e+02 -2.785893e+01 0
1.554605e+02 -2.749002e+01 0
1.554589e+02 -2.712111e+01 0
1.554574e+02 -2.675221e+01 0
1.554558e+02 -2.638333e+01 0
1.554543e+02 -2.601445e+01 0
1.554527e+02 -2.564557e+01 0
1.554496e+02 -2.490785e+01 0
1.554481e+02 -2.453900e+01 0
1.553293e+02 3.838921e+00 0
1.553262e+02 4.575393e+00 0
1.553247e+02 4.943617e+00 0
1.553231e+02 5.311834e+00 0
1.553216e+02 5.680042e+00 0
1.553201e+02 6.048243e+00 0
1.553185e+02 6.416436e+00 0
1.553170e+02 6.784621e+00 0
1.553154e+02 7.152799e+00 0
1.553139e+02 7.520968e+00 0
1.553124e+02 7.889130e+00 0
1.553108e+02 8.257284e+00 0
1.553093e+02 8.625430e+00 0
1.553077e+02 8.993568e+00 0
1.553062e+02 9.361699e+00 0
1.553047e+02 9.729821e+00 0
1.553031e+02 1.009794e+01 0
1.553016e+02 1.046604e+01 0
1.553000e+02 1.083414e+01 0
1.552985e+02 1.120223e+01 0
1.552969e+02 1.157032e+01 0
1.552954e+02 1.193839e+01 0
1.552939e+02 1.230646e+01 0
1.552923e+02 1.267452e+01 0
1.552908e+02 1.304258e+01 0
1.552892e+02 1.341062e+01 0
1.552877e+02 1.377866e+01 0
1.552846e+02 1.451471e+01 0
1.552831e+02 1.488272e+01 0
1.552815e+02 1.525073e+01 0
1.552800e+02 1.561872e+01 0
1.552785e+02 1.598671e+01 0
1.552769e+02 1.635470e+01 0
1.552754e+02 1.672267e+01 0
1.552738e+02 1.709064e+01 0
1.552723e+02 1.745860e+01 0
1.552708e+02 1.782655e+01 0
1.552692e+02 1.819449e+01 0
1.552677e+02 1.856243e+01 0
1.552661e+02 1.893036e+01 0
1.552646e+02 1.929828e+01 0
1.552631e+02 1.966619e+01 0
1.552615e+02 2.003409e+01 0
1.552600e+02 2.040199e+01 0
1.552584e+02 2.076988e+01 0
1.552569e+02 2.113776e+01 0
1.552554e+02 2.150563e+01 0
1.552538e+02 2.187350e+01 0
1.552523e+02 2.224135e+01 0
1.552507e+02 2.260920e+01 0
1.552492e+02 2.297705e+01 0
1.552477e+02 2.334488e+01 0
1.552461e+02 2.371271e+01 0
1.552446e+02 2.408053e+01 0
1.552430e+02 2.444834e+01 0
1.552415e+02 2.481614e+01 0
1.552400e+02 2.518393e+01 0
1.552384e+02 2.555172e+01 0
1.552369e+02 2.591950e+01 0
1.552353e+02 2.628727e+01 0
1.552338e+02 2.665504e+01 0
1.552323e+02 2.702279e+01 0
1.552307e+02 2.739054e+01 0
1.552292e+02 2.775828e+01 0
1.552276e+02 2.812602e+01 0
1.552261e+02 2.849374e+01 0
1.552246e+02 2.886146e+01 0
1.552230e+02 2.922917e+01 0
1.552215e+02 2.959687e+01 0
1.552199e+02 2.996456e+01 0
1.552184e+02 3.033225e+01 0
1.552169e+02 3.069993e+01 0
1.552153e+02 3.106760e+01 0
1.556934e+02 4.209582e+00 0
1.556517e+02 1.414882e+01 0
