2.518169e+02 7.399687e+01 0
2.522562e+02 7.400278e+01 0
2.526956e+02 7.400869e+01 0
2.726416e+02 7.427689e+01 0
2.730887e+02 7.428290e+01 0
2.735359e+02 7.428892e+01 0
2.744309e+02 7.430095e+01 0
2.748787e+02 7.430697e+01 0
2.129380e+02 7.386500e+01 0
2.142131e+02 7.388236e+01 0
2.146385e+02 7.388815e+01 0
2.150640e+02 7.389395e+01 0
2.154897e+02 7.389974e+01 0
2.171939e+02 7.392295e+01 0
2.176204e+02 7.392875e+01 0
2.180470e+02 7.393456e+01 0
2.184738e+02 7.394037e+01 0
2.193278e+02 7.395200e+01 0
2.197550e+02 7.395782e+01 0
2.201824e+02 7.396363e+01 0
2.206100e+02 7.396946e+01 0
2.210377e+02 7.397528e+01 0
2.214656e+02 7.398110e+01 0
2.218936e+02 7.398693e+01 0
2.223218e+02 7.399276e+01 0
2.227501e+02 7.399859e+01 0
2.231786e+02 7.400443e+01 0
2.236073e+02 7.401027e+01 0
2.240361e+02 7.401610e+01 0
2.244651e+02 7.402194e+01 0
2.248942e+02 7.402779e+01 0
2.253235e+02 7.403363e+01 0
2.257530e+02 7.403948e+01 0
2.261826e+02 7.404533e+01 0
2.266123e+02 7.405118e+01 0
2.270423e+02 7.405703e+01 0
2.274723e+02 7.406289e+01 0
2.279026e+02 7.406875e+01 0
2.283330e+02 7.407461e+01 0
2.287635e+02 7.408047e+01 0
2.291943e+02 7.408633e+01 0
2.296251e+02 7.409220e+01 0
2.300562e+02 7.409807e+01 0
2.304874e+02 7.410394e+01 0
2.309187e+02 7.410981e+01 0
2.313502e+02 7.411569e+01 0
2.317819e+02 7.412156e+01 0
2.322137e+02 7.412744e+01 0
2.326457e+02 7.413333e+01 0
2.330779e+02 7.413921e+01 0
2.335102e+02 7.414510e+01 0
2.339427e+02 7.415098e+01 0
2.343753e+02 7.415687e+01 0
2.348081e+02 7.416277e+01 0
2.352411e+02 7.416866e+01 0
2.356742e+02 7.417456e+01 0
2.361075e+02 7.418046e+01 0
2.365409e+02 7.418636e+01 0
2.369745e+02 7.419226e+01 0
2.374082e+02 7.419817e+01 0
2.378422e+02 7.420408e+01 0
2.382762e+02 7.420999e+01 0
2.387105e+02 7.421590e+01 0
2.391449e+02 7.422181e+01 0
2.395794e+02 7.422773e+01 0
2.400142e+02 7.423365e+01 0
2.404490e+02 7.423957e+01 0
2.408841e+02 7.424549e+01 0
2.413193e+02 7.425142e+01 0
2.417547e+02 7.425735e+01 0
2.421902e+02 7.426328e+01 0
2.426259e+02 7.426921e+01 0
2.430617e+02 7.427514e+01 0
2.434977e+02 7.428108e+01 0
2.439339e+02 7.428702e+01 0
2.443703e+02 7.429296e+01 0
2.448068e+02 7.429890e+01 0
2.452434e+02 7.430485e+01 0
2.456803e+02 7.431079e+01 0
2.461172e+02 7.431674e+01 0
2.465544e+02 7.432270e+01 0
2.469917e+02 7.432865e+01 0
2.474292e+02 7.433461e+01 0
2.478668e+02 7.434057e+01 0
2.483046e+02 7.434653e+01 0
2.487426e+02 7.435249e+01 0
2.491807e+02 7.435845e+01 0
2.496190e+02 7.436442e+01 0
2.500575e+02 7.437039e+01 0
2.504961e+02 7.437636e+01 0
2.509349e+02 7.438234e+01 0
2.513738e+02 7.438831e+01 0
2.531312e+02 7.441224e+01 0
2.535710e+02 7.441823e+01 0
2.540109e+02 7.442422e+01 0
2.544510e+02 7.443021e+01 0
2.548913e+02 7.443621e+01 0
2.553317e+02 7.444220e+01 0
2.557723e+02 7.444820e+01 0
2.562130e+02 7.445420e+01 0
2.566539e+02 7.446020e+01 0
2.570950e+02 7.446621e+01 0
2.575363e+02 7.447222e+01 0
2.579777e+02 7.447823e+01 0
2.584192e+02 7.448424e+01 0
2.588610e+02 7.449025e+01 0
2.593029e+02 7.449627e+01 0
2.597450e+02 7.450229e+01 0
2.601872e+02 7.450831e+01 0
2.606296e+02 7.451433e+01 0
2.610722e+02 7.452036e+01 0
2.615149e+02 7.452639e+01 0
2.619578e+02 7.453242e+01 0
2.624009e+02 7.453845e+01 0
2.628441e+02 7.454449e+01 0
2.632875e+02 7.455052e+01 0
2.637310e+02 7.455656e+01 0
2.641748e+02 7.456260e+01 0
2.646187e+02 7.456865e+01 0
2.650627e+02 7.457469e+01 0
2.655070e+02 7.458074e+01 0
2.659513e+02 7.458679e+01 0
2.663959e+02 7.459284e+01 0
2.668406e+02 7.459890e+01 0
2.672855e+02 7.460496e+01 0
2.677306e+02 7.461102e+01 0
2.681758e+02 7.461708e+01 0
2.686212e+02 7.462314e+01 0
2.690668e+02 7.462921e+01 0
2.695125e+02 7.463528e+01 0
2.699584e+02 7.464135e+01 0
2.704045e+02 7.464742e+01 0
2.708507e+02 7.465350e+01 0
2.712971e+02 7.465958e+01 0
2.717437e+02 7.466566e+01 0
2.721904e+02 7.467174e+01 0
2.739790e+02 7.469609e+01 0
1.724478e+02 7.369779e+01 0
1.728580e+02 7.370345e+01 0
1.736787e+02 7.371476e+01 0
1.740894e+02 7.372042e+01 0
1.745001e+02 7.372608e+01 0
1.749110e+02 7.373175e+01 0
1.753221e+02 7.373741e+01 0
1.757333e+02 7.374308e+01 0
1.761446e+02 7.374875e+01 0
1.765561e+02 7.375442e+01 0
1.769678e+02 7.376010e+01 0
1.773796e+02 7.376577e+01 0
1.777915e+02 7.377145e+01 0
2.103884e+02 7.422077e+01 0
2.108124e+02 7.422661e+01 0
2.112365e+02 7.423246e+01 0
2.116608e+02 7.423830e+01 0
2.120852e+02 7.424415e+01 0
2.125098e+02 7.425001e+01 0
2.133594e+02 7.426172e+01 0
2.137844e+02 7.426758e+01 0
2.159120e+02 7.429690e+01 0
2.163380e+02 7.430277e+01 0
2.167641e+02 7.430865e+01 0
2.188972e+02 7.433805e+01 0
-1.772810e+01 7.142840e+01 0
-1.185611e+01 7.151033e+01 0
-1.012275e+01 7.153452e+01 0
-6.647419e+00 7.158301e+01 0
-5.254053e+00 7.160245e+01 0
-4.207813e+00 7.161705e+01 0
-3.858834e+00 7.162192e+01 0
-1.762526e+00 7.165116e+01 0
-1.412734e+00 7.165605e+01 0
-1.062826e+00 7.166093e+01 0
-7.128011e-01 7.166581e+01 0
3.379720e-01 7.168047e+01 0
6.884631e-01 7.168536e+01 0
1.389795e+00 7.169515e+01 0
1.740637e+00 7.170004e+01 0
2.793863e+00 7.171474e+01 0
3.145173e+00 7.171964e+01 0
3.496600e+00 7.172454e+01 0
3.307934e+01 7.213730e+01 0
3.344082e+01 7.214235e+01 0
3.380242e+01 7.214739e+01 0
3.416415e+01 7.215244e+01 0
3.597462e+01 7.217770e+01 0
3.851444e+01 7.221314e+01 0
3.924121e+01 7.222328e+01 0
3.960478e+01 7.222835e+01 0
4.142448e+01 7.225374e+01 0
4.251778e+01 7.226899e+01 0
4.324727e+01 7.227917e+01 0
1.468990e+02 7.372539e+01 0
1.473000e+02 7.373099e+01 0
1.477012e+02 7.373658e+01 0
1.481025e+02 7.374218e+01 0
1.485039e+02 7.374778e+01 0
1.489055e+02 7.375339e+01 0
1.493072e+02 7.375899e+01 0
1.497091e+02 7.376460e+01 0
1.501111e+02 7.377021e+01 0
1.505133e+02 7.377582e+01 0
1.509156e+02 7.378143e+01 0
1.513180e+02 7.378705e+01 0
1.517206e+02 7.379266e+01 0
1.521233e+02 7.379828e+01 0
1.525262e+02 7.380391e+01 0
1.529292e+02 7.380953e+01 0
1.533324e+02 7.381515e+01 0
1.537357e+02 7.382078e+01 0
1.541391e+02 7.382641e+01 0
1.545427e+02 7.383204e+01 0
1.549465e+02 7.383767e+01 0
1.553504e+02 7.384331e+01 0
1.557544e+02 7.384895e+01 0
1.561586e+02 7.385459e+01 0
1.565629e+02 7.386023e+01 0
1.569673e+02 7.386587e+01 0
1.573719e+02 7.387152e+01 0
1.577767e+02 7.387716e+01 0
1.581816e+02 7.388281e+01 0
1.585866e+02 7.388846e+01 0
1.589918e+02 7.389412e+01 0
1.593971e+02 7.389977e+01 0
1.598026e+02 7.390543e+01 0
1.602082e+02 7.391109e+01 0
1.606140e+02 7.391675e+01 0
1.610199e+02 7.392242e+01 0
1.614260e+02 7.392808e+01 0
1.618322e+02 7.393375e+01 0
1.622385e+02 7.393942e+01 0
1.626450e+02 7.394509e+01 0
1.630517e+02 7.395076e+01 0
1.634585e+02 7.395644e+01 0
1.638654e+02 7.396212e+01 0
1.642725e+02 7.396780e+01 0
1.646797e+02 7.397348e+01 0
1.650871e+02 7.397916e+01 0
1.654946e+02 7.398485e+01 0
1.659022e+02 7.399054e+01 0
1.663101e+02 7.399623e+01 0
1.667180e+02 7.400192e+01 0
1.671261e+02 7.400761e+01 0
1.675344e+02 7.401331e+01 0
1.679428e+02 7.401901e+01 0
1.683513e+02 7.402471e+01 0
1.687600e+02 7.403041e+01 0
1.691688e+02 7.403611e+01 0
1.695778e+02 7.404182e+01 0
1.699870e+02 7.404753e+01 0
1.703962e+02 7.405324e+01 0
1.708057e+02 7.405895e+01 0
1.712152e+02 7.406467e+01 0
1.716250e+02 7.407038e+01 0
1.720348e+02 7.407610e+01 0
1.732653e+02 7.409327e+01 0
-4.358180e+01 7.141529e+01 0
-4.324579e+01 7.142004e+01 0
-4.257344e+01 7.142953e+01 0
-4.223710e+01 7.143428e+01 0
-4.190065e+01 7.143903e+01 0
-4.156409e+01 7.144379e+01 0
-4.055375e+01 7.145805e+01 0
-4.021675e+01 7.146281e+01 0
-3.954242e+01 7.147234e+01 0
-3.920509e+01 7.147710e+01 0
-3.886765e+01 7.148186e+01 0
-3.853010e+01 7.148663e+01 0
-3.819244e+01 7.149140e+01 0
-3.785467e+01 7.149617e+01 0
-3.751679e+01 7.150094e+01 0
-3.717880e+01 7.150571e+01 0
-3.684070e+01 7.151049e+01 0
-3.650249e+01 7.151526e+01 0
-3.616416e+01 7.152004e+01 0
-3.582573e+01 7.152482e+01 0
-3.548718e+01 7.152960e+01 0
-3.514853e+01 7.153438e+01 0
-3.480976e+01 7.153917e+01 0
-3.447088e+01 7.154395e+01 0
-3.413189e+01 7.154874e+01 0
-3.379280e+01 7.155353e+01 0
-3.345358e+01 7.155832e+01 0
-3.311426e+01 7.156311e+01 0
-3.277483e+01 7.156790e+01 0
-3.243528e+01 7.157270e+01 0
-3.209563e+01 7.157750e+01 0
-3.175586e+01 7.158229e+01 0
-3.141598e+01 7.158709e+01 0
-3.107599e+01 7.159189e+01 0
-3.073589e+01 7.159670e+01 0
-3.039568e+01 7.160150e+01 0
-3.005535e+01 7.160631e+01 0
-2.971492e+01 7.161111e+01 0
-2.937437e+01 7.161592e+01 0
-2.903371e+01 7.162073e+01 0
-2.869294e+01 7.162555e+01 0
-2.835205e+01 7.163036e+01 0
-2.801105e+01 7.163517e+01 0
-2.766995e+01 7.163999e+01 0
-2.732873e+01 7.164481e+01 0
-2.698739e+01 7.164963e+01 0
-2.664595e+01 7.165445e+01 0
-2.630439e+01 7.165928e+01 0
-2.596272e+01 7.166410e+01 0
-2.562094e+01 7.166893e+01 0
-2.493704e+01 7.167858e+01 0
-2.459492e+01 7.168342e+01 0
-2.425269e+01 7.168825e+01 0
-2.391035e+01 7.169308e+01 0
-2.356789e+01 7.169792e+01 0
-2.322532e+01 7.170276e+01 0
-2.288264e+01 7.170760e+01 0
-2.253984e+01 7.171244e+01 0
-2.219693e+01 7.171728e+01 0
-2.185391e+01 7.172212e+01 0
-2.116753e+01 7.173181e+01 0
-2.082417e+01 7.173666e+01 0
-2.048070e+01 7.174151e+01 0
-2.013711e+01 7.174637e+01 0
-1.979341e+01 7.175122e+01 0
-1.944959e+01 7.175607e+01 0
-1.910567e+01 7.176093e+01 0
-1.876163e+01 7.176579e+01 0
-1.841747e+01 7.177065e+01 0
-1.807320e+01 7.177551e+01 0
-1.738433e+01 7.178524e+01 0
-1.703972e+01 7.179011e+01 0
-1.669499e+01 7.179497e+01 0
-1.600521e+01 7.180471e+01 0
-1.566014e+01 7.180959e+01 0
-1.531496e+01 7.181446e+01 0
-1.462426e+01 7.182421e+01 0
-1.427874e+01 7.182909e+01 0
-1.393311e+01 7.183397e+01 0
-1.358736e+01 7.183886e+01 0
-1.324149e+01 7.184374e+01 0
-1.289551e+01 7.184863e+01 0
-1.254942e+01 7.185351e+01 0
-1.220321e+01 7.185840e+01 0
-1.151045e+01 7.186819e+01 0
-1.116390e+01 7.187308e+01 0
-1.081723e+01 7.187798e+01 0
-1.047045e+01 7.188287e+01 0
-9.776544e+00 7.189267e+01 0
-9.429417e+00 7.189757e+01 0
-9.082175e+00 7.190248e+01 0
-8.734819e+00 7.190738e+01 0
-8.387347e+00 7.191229e+01 0
-8.039760e+00 7.191720e+01 0
-7.692057e+00 7.192211e+01 0
-7.344239e+00 7.192702e+01 0
-6.996306e+00 7.193193e+01 0
-6.300093e+00 7.194176e+01 0
-5.951813e+00 7.194668e+01 0
-5.603418e+00 7.195160e+01 0
-4.906279e+00 7.196145e+01 0
-4.557537e+00 7.196637e+01 0
-2.812083e+00 7.199102e+01 0
-2.462644e+00 7.199595e+01 0
-2.113089e+00 7.200089e+01 0
-3.635667e-01 7.202560e+01 0
-1.331285e-02 7.203054e+01 0
1.038149e+00 7.204539e+01 0
2.090662e+00 7.206025e+01 0
2.441733e+00 7.206521e+01 0
3.127250e+01 7.247234e+01 0
3.163337e+01 7.247744e+01 0
3.199436e+01 7.248253e+01 0
3.235547e+01 7.248763e+01 0
3.271671e+01 7.249273e+01 0
3.452471e+01 7.251827e+01 0
3.488667e+01 7.252338e+01 0
3.524876e+01 7.252849e+01 0
3.561098e+01 7.253361e+01 0
3.633577e+01 7.254384e+01 0
3.669835e+01 7.254896e+01 0
3.706106e+01 7.255408e+01 0
3.742388e+01 7.255921e+01 0
3.778683e+01 7.256433e+01 0
3.814990e+01 7.256946e+01 0
3.887642e+01 7.257972e+01 0
3.996712e+01 7.259512e+01 0
4.033093e+01 7.260026e+01 0
4.069486e+01 7.260540e+01 0
4.105892e+01 7.261054e+01 0
4.178741e+01 7.262082e+01 0
4.215184e+01 7.262597e+01 0
4.288107e+01 7.263627e+01 0
4.361080e+01 7.264657e+01 0
4.397585e+01 7.265173e+01 0
4.434103e+01 7.265689e+01 0
4.470632e+01 7.266204e+01 0
4.507175e+01 7.266720e+01 0
4.543729e+01 7.267237e+01 0
4.580296e+01 7.267753e+01 0
4.616876e+01 7.268270e+01 0
4.653468e+01 7.268786e+01 0
4.690072e+01 7.269303e+01 0
4.726689e+01 7.269820e+01 0
4.763319e+01 7.270338e+01 0
4.799961e+01 7.270855e+01 0
4.836615e+01 7.271373e+01 0
4.873282e+01 7.271890e+01 0
4.909961e+01 7.272408e+01 0
4.946653e+01 7.272926e+01 0
4.983357e+01 7.273445e+01 0
5.020074e+01 7.273963e+01 0
5.056803e+01 7.274482e+01 0
5.093545e+01 7.275001e+01 0
5.130300e+01 7.275520e+01 0
5.167067e+01 7.276039e+01 0
5.203846e+01 7.276558e+01 0
5.240638e+01 7.277078e+01 0
5.277443e+01 7.277598e+01 0
5.314260e+01 7.278118e+01 0
5.351090e+01 7.278638e+01 0
5.387932e+01 7.279158e+01 0
5.424787e+01 7.279678e+01 0
5.461654e+01 7.280199e+01 0
5.498534e+01 7.280720e+01 0
5.535427e+01 7.281241e+01 0
5.572332e+01 7.281762e+01 0
5.609250e+01 7.282283e+01 0
5.646181e+01 7.282805e+01 0
5.683124e+01 7.283326e+01 0
5.720080e+01 7.283848e+01 0
5.757048e+01 7.284370e+01 0
5.794029e+01 7.284893e+01 0
5.831023e+01 7.285415e+01 0
8.908200e+01 7.328869e+01 0
9.365880e+01 7.335332e+01 0
9.825473e+01 7.341822e+01 0
9.979098e+01 7.343991e+01 0
1.001754e+02 7.344534e+01 0
1.009446e+02 7.345621e+01 0
1.013294e+02 7.346164e+01 0
1.017143e+02 7.346707e+01 0
1.024846e+02 7.347795e+01 0
1.047986e+02 7.351063e+01 0
1.051848e+02 7.351608e+01 0
1.055711e+02 7.352154e+01 0
1.071175e+02 7.354338e+01 0
1.075045e+02 7.354884e+01 0
1.078916e+02 7.355431e+01 0
1.082788e+02 7.355977e+01 0
1.086662e+02 7.356524e+01 0
1.094413e+02 7.357619e+01 0
1.098291e+02 7.358167e+01 0
1.102170e+02 7.358714e+01 0
1.106051e+02 7.359262e+01 0
1.109932e+02 7.359811e+01 0
1.117700e+02 7.360907e+01 0
1.121586e+02 7.361456e+01 0
1.125473e+02 7.362005e+01 0
1.129362e+02 7.362554e+01 0
1.133252e+02 7.363104e+01 0
1.137143e+02 7.363653e+01 0
1.141036e+02 7.364203e+01 0
1.144930e+02 7.364753e+01 0
1.148825e+02 7.365303e+01 0
1.152722e+02 7.365853e+01 0
1.156620e+02 7.366404e+01 0
1.160520e+02 7.366954e+01 0
1.164421e+02 7.367505e+01 0
-4.425393e+01 7.175330e+01 0
-4.391814e+01 7.175810e+01 0
-4.291012e+01 7.177251e+01 0
-4.122789e+01 7.179655e+01 0
-4.089111e+01 7.180136e+01 0
-3.988013e+01 7.181581e+01 0
8.755873e+01 7.363691e+01 0
8.793887e+01 7.364235e+01 0
8.831914e+01 7.364778e+01 0
8.869955e+01 7.365322e+01 0
8.946075e+01 7.366409e+01 0
8.984155e+01 7.366954e+01 0
9.022248e+01 7.367498e+01 0
9.060354e+01 7.368043e+01 0
9.098474e+01 7.368587e+01 0
9.136607e+01 7.369132e+01 0
9.174753e+01 7.369677e+01 0
9.212912e+01 7.370223e+01 0
9.251085e+01 7.370768e+01 0
9.289270e+01 7.371314e+01 0
9.327470e+01 7.371860e+01 0
9.403908e+01 7.372952e+01 0
9.442147e+01 7.373498e+01 0
9.480399e+01 7.374045e+01 0
9.518665e+01 7.374592e+01 0
9.556944e+01 7.375139e+01 0
9.595236e+01 7.375686e+01 0
9.633542e+01 7.376233e+01 0
9.671861e+01 7.376781e+01 0
9.710193e+01 7.377329e+01 0
9.748539e+01 7.377877e+01 0
9.786898e+01 7.378425e+01 0
9.863656e+01 7.379522e+01 0
9.902055e+01 7.380070e+01 0
9.940468e+01 7.380619e+01 0
1.005579e+02 7.382267e+01 0
1.020973e+02 7.384467e+01 0
1.028678e+02 7.385568e+01 0
1.032533e+02 7.386119e+01 0
1.036389e+02 7.386670e+01 0
1.040247e+02 7.387221e+01 0
1.044105e+02 7.387773e+01 0
1.059554e+02 7.389980e+01 0
1.063419e+02 7.390533e+01 0
1.067286e+02 7.391085e+01 0
1.090515e+02 7.394405e+01 0
1.113794e+02 7.397731e+01 0
