2.299182e+02 6.596196e+01 0
2.302420e+02 6.595897e+01 0
2.528208e+02 6.575075e+01 0
2.044733e+02 6.652984e+01 0
2.048103e+02 6.652664e+01 0
2.064925e+02 6.651070e+01 0
2.068284e+02 6.650751e+01 0
2.071641e+02 6.650433e+01 0
2.074997e+02 6.650115e+01 0
2.078351e+02 6.649797e+01 0
2.081703e+02 6.649479e+01 0
2.085053e+02 6.649162e+01 0
2.088402e+02 6.648844e+01 0
2.091749e+02 6.648527e+01 0
2.095094e+02 6.648210e+01 0
2.098437e+02 6.647893e+01 0
2.101779e+02 6.647576e+01 0
2.105119e+02 6.647260e+01 0
2.108457e+02 6.646943e+01 0
2.111794e+02 6.646627e+01 0
2.115128e+02 6.646311e+01 0
2.118462e+02 6.645995e+01 0
2.121793e+02 6.645679e+01 0
2.125122e+02 6.645363e+01 0
2.128450e+02 6.645048e+01 0
2.131777e+02 6.644733e+01 0
2.135101e+02 6.644417e+01 0
2.138424e+02 6.644102e+01 0
2.141745e+02 6.643788e+01 0
2.145064e+02 6.643473e+01 0
2.148382e+02 6.643159e+01 0
2.151697e+02 6.642844e+01 0
2.155012e+02 6.642530e+01 0
2.158324e+02 6.642216e+01 0
2.161635e+02 6.641902e+01 0
2.164944e+02 6.641589e+01 0
2.168251e+02 6.641275e+01 0
2.171557e+02 6.640962e+01 0
2.174861e+02 6.640648e+01 0
2.178163e+02 6.640335e+01 0
2.181463e+02 6.640023e+01 0
2.184762e+02 6.639710e+01 0
2.188059e+02 6.639397e+01 0
2.191355e+02 6.639085e+01 0
2.194649e+02 6.638773e+01 0
2.197941e+02 6.638461e+01 0
2.201231e+02 6.638149e+01 0
2.204520e+02 6.637837e+01 0
2.207807e+02 6.637525e+01 0
2.211092e+02 6.637214e+01 0
2.214375e+02 6.636903e+01 0
2.217657e+02 6.636592e+01 0
2.220938e+02 6.636281e+01 0
2.224216e+02 6.635970e+01 0
2.227493e+02 6.635659e+01 0
2.230768e+02 6.635349e+01 0
2.234042e+02 6.635039e+01 0
2.237313e+02 6.634728e+01 0
2.240583e+02 6.634418e+01 0
2.243852e+02 6.634109e+01 0
2.247119e+02 6.633799e+01 0
2.250384e+02 6.633489e+01 0
2.253647e+02 6.633180e+01 0
2.256909e+02 6.632871e+01 0
2.260169e+02 6.632562e+01 0
2.263428e+02 6.632253e+01 0
2.266684e+02 6.631944e+01 0
2.269939e+02 6.631636e+01 0
2.273193e+02 6.631327e+01 0
2.276445e+02 6.631019e+01 0
2.279695e+02 6.630711e+01 0
2.282943e+02 6.630403e+01 0
2.286190e+02 6.630095e+01 0
2.289435e+02 6.629788e+01 0
2.292678e+02 6.629480e+01 0
2.295920e+02 6.629173e+01 0
2.305636e+02 6.628252e+01 0
2.308871e+02 6.627945e+01 0
2.312105e+02 6.627639e+01 0
2.315336e+02 6.627332e+01 0
2.318567e+02 6.627026e+01 0
2.321795e+02 6.626720e+01 0
2.325022e+02 6.626414e+01 0
2.328248e+02 6.626108e+01 0
2.331471e+02 6.625803e+01 0
2.334693e+02 6.625497e+01 0
2.337914e+02 6.625192e+01 0
2.341132e+02 6.624887e+01 0
2.344350e+02 6.624582e+01 0
2.347565e+02 6.624277e+01 0
2.350779e+02 6.623973e+01 0
2.353991e+02 6.623668e+01 0
2.357202e+02 6.623364e+01 0
2.360411e+02 6.623059e+01 0
2.363618e+02 6.622755e+01 0
2.366824e+02 6.622452e+01 0
2.370028e+02 6.622148e+01 0
2.373230e+02 6.621844e+01 0
2.376431e+02 6.621541e+01 0
2.379630e+02 6.621238e+01 0
2.382828e+02 6.620934e+01 0
2.386024e+02 6.620632e+01 0
2.389218e+02 6.620329e+01 0
2.392411e+02 6.620026e+01 0
2.395602e+02 6.619724e+01 0
2.398792e+02 6.619421e+01 0
2.401979e+02 6.619119e+01 0
2.405166e+02 6.618817e+01 0
2.408350e+02 6.618515e+01 0
2.411533e+02 6.618213e+01 0
2.414715e+02 6.617912e+01 0
2.417895e+02 6.617610e+01 0
2.421073e+02 6.617309e+01 0
2.424249e+02 6.617008e+01 0
2.427424e+02 6.616707e+01 0
2.430598e+02 6.616406e+01 0
2.433770e+02 6.616106e+01 0
2.436940e+02 6.615805e+01 0
2.440108e+02 6.615505e+01 0
2.443275e+02 6.615204e+01 0
2.446441e+02 6.614904e+01 0
2.449605e+02 6.614604e+01 0
2.452767e+02 6.614305e+01 0
2.455928e+02 6.614005e+01 0
2.459087e+02 6.613706e+01 0
2.462244e+02 6.613406e+01 0
2.465400e+02 6.613107e+01 0
2.468554e+02 6.612808e+01 0
2.471707e+02 6.612509e+01 0
2.474858e+02 6.612211e+01 0
2.478007e+02 6.611912e+01 0
2.481155e+02 6.611614e+01 0
2.484302e+02 6.611315e+01 0
2.487446e+02 6.611017e+01 0
2.490589e+02 6.610719e+01 0
2.493731e+02 6.610422e+01 0
2.496871e+02 6.610124e+01 0
2.500010e+02 6.609826e+01 0
2.503146e+02 6.609529e+01 0
2.506282e+02 6.609232e+01 0
2.509415e+02 6.608935e+01 0
2.512547e+02 6.608638e+01 0
2.515678e+02 6.608341e+01 0
2.518807e+02 6.608044e+01 0
2.525060e+02 6.607452e+01 0
2.543783e+02 6.605677e+01 0
2.546898e+02 6.605382e+01 0
2.550011e+02 6.605087e+01 0
2.553123e+02 6.604792e+01 0
2.556233e+02 6.604497e+01 0
2.559342e+02 6.604202e+01 0
2.562449e+02 6.603908e+01 0
2.574862e+02 6.602731e+01 0
2.577961e+02 6.602437e+01 0
2.581059e+02 6.602143e+01 0
2.584155e+02 6.601850e+01 0
2.587250e+02 6.601557e+01 0
2.590343e+02 6.601263e+01 0
-1.462987e+01 6.899640e+01 0
-8.663857e+00 6.893831e+01 0
-8.206880e+00 6.893386e+01 0
-5.470823e+00 6.890722e+01 0
1.652316e+02 6.724514e+01 0
1.677313e+02 6.722080e+01 0
1.709316e+02 6.718964e+01 0
1.716407e+02 6.718274e+01 0
1.719949e+02 6.717929e+01 0
1.723490e+02 6.717584e+01 0
1.727029e+02 6.717240e+01 0
1.730565e+02 6.716895e+01 0
1.734100e+02 6.716551e+01 0
1.737633e+02 6.716207e+01 0
1.741165e+02 6.715863e+01 0
1.748222e+02 6.715176e+01 0
1.751747e+02 6.714833e+01 0
1.755271e+02 6.714490e+01 0
1.758793e+02 6.714147e+01 0
1.762313e+02 6.713804e+01 0
1.765831e+02 6.713462e+01 0
1.769347e+02 6.713119e+01 0
1.772861e+02 6.712777e+01 0
1.776374e+02 6.712435e+01 0
2.051452e+02 6.685651e+01 0
2.054818e+02 6.685324e+01 0
2.058183e+02 6.684996e+01 0
2.061545e+02 6.684669e+01 0
-7.599292e+01 6.999925e+01 0
-7.102032e+01 6.994955e+01 0
-7.002956e+01 6.993965e+01 0
-6.904005e+01 6.992976e+01 0
-6.706478e+01 6.991002e+01 0
-6.558658e+01 6.989524e+01 0
-6.509447e+01 6.989033e+01 0
-6.460267e+01 6.988541e+01 0
-6.411118e+01 6.988050e+01 0
-6.361999e+01 6.987559e+01 0
-5.970160e+01 6.983643e+01 0
-5.921318e+01 6.983155e+01 0
-5.872507e+01 6.982667e+01 0
-5.823726e+01 6.982180e+01 0
-5.774976e+01 6.981692e+01 0
-5.726256e+01 6.981205e+01 0
-5.677567e+01 6.980719e+01 0
-5.628908e+01 6.980233e+01 0
-5.580280e+01 6.979747e+01 0
-5.434577e+01 6.978290e+01 0
-5.386070e+01 6.977806e+01 0
-5.289147e+01 6.976837e+01 0
-5.240731e+01 6.976353e+01 0
-5.192345e+01 6.975870e+01 0
-5.143989e+01 6.975386e+01 0
-5.095663e+01 6.974903e+01 0
-5.047368e+01 6.974421e+01 0
-4.999102e+01 6.973938e+01 0
-4.950867e+01 6.973456e+01 0
-4.902661e+01 6.972974e+01 0
-4.854486e+01 6.972493e+01 0
-4.806340e+01 6.972012e+01 0
-4.758225e+01 6.971531e+01 0
-4.710139e+01 6.971050e+01 0
-4.662084e+01 6.970570e+01 0
-4.614058e+01 6.970090e+01 0
-4.566062e+01 6.969610e+01 0
-4.518095e+01 6.969131e+01 0
-4.470159e+01 6.968652e+01 0
-4.422252e+01 6.968173e+01 0
-4.374375e+01 6.967695e+01 0
-4.326528e+01 6.967217e+01 0
-4.278710e+01 6.966739e+01 0
-4.230922e+01 6.966261e+01 0
-4.183164e+01 6.965784e+01 0
-4.135435e+01 6.965307e+01 0
-4.087735e+01 6.964830e+01 0
-4.040066e+01 6.964354e+01 0
-3.992425e+01 6.963878e+01 0
-3.944814e+01 6.963402e+01 0
-3.897233e+01 6.962926e+01 0
-3.849681e+01 6.962451e+01 0
-3.802159e+01 6.961976e+01 0
-3.754665e+01 6.961501e+01 0
-3.707201e+01 6.961027e+01 0
-3.564985e+01 6.959606e+01 0
-3.517639e+01 6.959133e+01 0
-3.423033e+01 6.958187e+01 0
-3.375773e+01 6.957715e+01 0
-3.328543e+01 6.957243e+01 0
-3.281342e+01 6.956771e+01 0
-3.234170e+01 6.956300e+01 0
-3.187027e+01 6.955828e+01 0
-3.139913e+01 6.955358e+01 0
-3.045772e+01 6.954417e+01 0
-2.998744e+01 6.953947e+01 0
-2.904777e+01 6.953008e+01 0
-2.857836e+01 6.952538e+01 0
-2.810925e+01 6.952070e+01 0
-2.764042e+01 6.951601e+01 0
-2.717188e+01 6.951133e+01 0
-2.670362e+01 6.950665e+01 0
-2.623565e+01 6.950197e+01 0
-2.530058e+01 6.949263e+01 0
-2.483347e+01 6.948796e+01 0
-2.436665e+01 6.948329e+01 0
-2.390012e+01 6.947863e+01 0
-2.343387e+01 6.947397e+01 0
-2.296791e+01 6.946931e+01 0
-2.250223e+01 6.946466e+01 0
-2.203683e+01 6.946001e+01 0
-2.157172e+01 6.945536e+01 0
-2.064236e+01 6.944607e+01 0
-2.017810e+01 6.944143e+01 0
-1.971412e+01 6.943680e+01 0
-1.925043e+01 6.943216e+01 0
-1.878702e+01 6.942753e+01 0
-1.832390e+01 6.942290e+01 0
-1.786106e+01 6.941828e+01 0
-1.693622e+01 6.940903e+01 0
-1.647422e+01 6.940442e+01 0
-1.601250e+01 6.939980e+01 0
-1.555107e+01 6.939519e+01 0
-1.508992e+01 6.939058e+01 0
-1.370814e+01 6.937677e+01 0
-1.324811e+01 6.937217e+01 0
-1.278835e+01 6.936758e+01 0
-1.232888e+01 6.936299e+01 0
-1.186969e+01 6.935840e+01 0
-1.141077e+01 6.935381e+01 0
-1.095213e+01 6.934923e+01 0
-1.049377e+01 6.934465e+01 0
-1.003569e+01 6.934007e+01 0
-9.577891e+00 6.933549e+01 0
-9.120367e+00 6.933092e+01 0
-7.749455e+00 6.931722e+01 0
-7.293038e+00 6.931266e+01 0
-6.836897e+00 6.930810e+01 0
-6.381032e+00 6.930354e+01 0
-5.925443e+00 6.929899e+01 0
2.921529e+01 6.894779e+01 0
2.964959e+01 6.894345e+01 0
3.008364e+01 6.893912e+01 0
3.051744e+01 6.893478e+01 0
3.095098e+01 6.893045e+01 0
3.138426e+01 6.892612e+01 0
3.181729e+01 6.892179e+01 0
3.225006e+01 6.891747e+01 0
3.268258e+01 6.891314e+01 0
3.311484e+01 6.890882e+01 0
3.354685e+01 6.890451e+01 0
3.397860e+01 6.890019e+01 0
3.441010e+01 6.889588e+01 0
3.484134e+01 6.889157e+01 0
3.527233e+01 6.888726e+01 0
3.570307e+01 6.888296e+01 0
3.613355e+01 6.887865e+01 0
3.656378e+01 6.887435e+01 0
3.699376e+01 6.887006e+01 0
3.785296e+01 6.886147e+01 0
3.828218e+01 6.885718e+01 0
3.871115e+01 6.885289e+01 0
3.913986e+01 6.884861e+01 0
3.956833e+01 6.884433e+01 0
3.999654e+01 6.884005e+01 0
4.042450e+01 6.883577e+01 0
4.127968e+01 6.882722e+01 0
4.170689e+01 6.882295e+01 0
4.256056e+01 6.881442e+01 0
4.298702e+01 6.881016e+01 0
4.341323e+01 6.880590e+01 0
4.383919e+01 6.880164e+01 0
4.469036e+01 6.879314e+01 0
4.511558e+01 6.878889e+01 0
4.554054e+01 6.878464e+01 0
4.596526e+01 6.878040e+01 0
4.638973e+01 6.877615e+01 0
4.681395e+01 6.877191e+01 0
4.723793e+01 6.876768e+01 0
4.808513e+01 6.875921e+01 0
4.850837e+01 6.875498e+01 0
4.893135e+01 6.875075e+01 0
4.935409e+01 6.874653e+01 0
4.977659e+01 6.874231e+01 0
5.062083e+01 6.873387e+01 0
5.104259e+01 6.872965e+01 0
5.146410e+01 6.872544e+01 0
5.272716e+01 6.871282e+01 0
5.314769e+01 6.870861e+01 0
5.440781e+01 6.869602e+01 0
5.524668e+01 6.868764e+01 0
6.067564e+01 6.863338e+01 0
1.503983e+02 6.773669e+01 0
1.507640e+02 6.773304e+01 0
1.511295e+02 6.772938e+01 0
1.514948e+02 6.772573e+01 0
1.518599e+02 6.772209e+01 0
1.522247e+02 6.771844e+01 0
1.525894e+02 6.771479e+01 0
1.529539e+02 6.771115e+01 0
1.533182e+02 6.770751e+01 0
1.536823e+02 6.770387e+01 0
1.540462e+02 6.770024e+01 0
1.544099e+02 6.769660e+01 0
1.547734e+02 6.769297e+01 0
1.551367e+02 6.768934e+01 0
1.554998e+02 6.768571e+01 0
1.558627e+02 6.768208e+01 0
1.562254e+02 6.767846e+01 0
1.565880e+02 6.767483e+01 0
1.569503e+02 6.767121e+01 0
1.573124e+02 6.766759e+01 0
1.576743e+02 6.766398e+01 0
1.580361e+02 6.766036e+01 0
1.583976e+02 6.765675e+01 0
1.587590e+02 6.765314e+01 0
1.591201e+02 6.764953e+01 0
1.594811e+02 6.764592e+01 0
1.598419e+02 6.764231e+01 0
1.602024e+02 6.763871e+01 0
1.605628e+02 6.763511e+01 0
1.609230e+02 6.763151e+01 0
1.612830e+02 6.762791e+01 0
1.616428e+02 6.762431e+01 0
1.620024e+02 6.762072e+01 0
1.623618e+02 6.761713e+01 0
1.627210e+02 6.761354e+01 0
1.630800e+02 6.760995e+01 0
1.634389e+02 6.760636e+01 0
1.637975e+02 6.760278e+01 0
1.641560e+02 6.759920e+01 0
1.645142e+02 6.759562e+01 0
1.648723e+02 6.759204e+01 0
1.655878e+02 6.758489e+01 0
1.659453e+02 6.758132e+01 0
1.663026e+02 6.757774e+01 0
1.666597e+02 6.757418e+01 0
1.670166e+02 6.757061e+01 0
1.680862e+02 6.755992e+01 0
1.684424e+02 6.755636e+01 0
1.687983e+02 6.755280e+01 0
1.691541e+02 6.754925e+01 0
1.695097e+02 6.754569e+01 0
1.698651e+02 6.754214e+01 0
1.702202e+02 6.753859e+01 0
1.705753e+02 6.753504e+01 0
1.712847e+02 6.752795e+01 0
1.744679e+02 6.749614e+01 0
-7.052314e+01 7.034854e+01 0
-6.854415e+01 7.032825e+01 0
-6.805019e+01 7.032319e+01 0
-6.755653e+01 7.031813e+01 0
-6.657015e+01 7.030801e+01 0
-6.607743e+01 7.030296e+01 0
-6.312758e+01 7.027272e+01 0
-6.263702e+01 7.026769e+01 0
-6.214677e+01 7.026267e+01 0
-6.165683e+01 7.025765e+01 0
-6.116719e+01 7.025263e+01 0
-6.067786e+01 7.024761e+01 0
-6.018883e+01 7.024260e+01 0
-5.531540e+01 7.019264e+01 0
-5.482974e+01 7.018766e+01 0
-5.337455e+01 7.017274e+01 0
5.019877e+01 6.911098e+01 0
5.188528e+01 6.909369e+01 0
5.230629e+01 6.908938e+01 0
5.356787e+01 6.907644e+01 0
5.398790e+01 6.907214e+01 0
5.482724e+01 6.906353e+01 0
5.566561e+01 6.905494e+01 0
5.608443e+01 6.905065e+01 0
5.650300e+01 6.904636e+01 0
5.692134e+01 6.904207e+01 0
5.733943e+01 6.903778e+01 0
5.775728e+01 6.903350e+01 0
5.817488e+01 6.902922e+01 0
5.859225e+01 6.902494e+01 0
5.900937e+01 6.902066e+01 0
5.942625e+01 6.901639e+01 0
5.984289e+01 6.901212e+01 0
6.025929e+01 6.900785e+01 0
9.201261e+01 6.868234e+01 0
9.280839e+01 6.867418e+01 0
9.400036e+01 6.866196e+01 0
1.007169e+02 6.859311e+01 0
1.011100e+02 6.858908e+01 0
1.015029e+02 6.858505e+01 0
1.018955e+02 6.858102e+01 0
1.022880e+02 6.857700e+01 0
1.046379e+02 6.855291e+01 0
1.077589e+02 6.852092e+01 0
1.081481e+02 6.851693e+01 0
1.097025e+02 6.850099e+01 0
1.100906e+02 6.849701e+01 0
1.104784e+02 6.849304e+01 0
1.108660e+02 6.848906e+01 0
1.116406e+02 6.848112e+01 0
1.120276e+02 6.847716e+01 0
1.124144e+02 6.847319e+01 0
1.131872e+02 6.846527e+01 0
1.135734e+02 6.846131e+01 0
1.139593e+02 6.845735e+01 0
1.143450e+02 6.845340e+01 0
1.147304e+02 6.844945e+01 0
1.151157e+02 6.844550e+01 0
1.155007e+02 6.844155e+01 0
1.158856e+02 6.843761e+01 0
1.162702e+02 6.843366e+01 0
1.166546e+02 6.842972e+01 0
1.170388e+02 6.842579e+01 0
1.174227e+02 6.842185e+01 0
1.178065e+02 6.841792e+01 0
1.181900e+02 6.841398e+01 0
1.185734e+02 6.841005e+01 0
1.189565e+02 6.840613e+01 0
1.193394e+02 6.840220e+01 0
1.197221e+02 6.839828e+01 0
1.201046e+02 6.839436e+01 0
1.204869e+02 6.839044e+01 0
1.208689e+02 6.838652e+01 0
1.212508e+02 6.838261e+01 0
1.216324e+02 6.837869e+01 0
9.241002e+01 6.904029e+01 0
9.320533e+01 6.903193e+01 0
9.439662e+01 6.901941e+01 0
9.479327e+01 6.901524e+01 0
9.518969e+01 6.901108e+01 0
9.558589e+01 6.900691e+01 0
9.598187e+01 6.900275e+01 0
9.637762e+01 6.899859e+01 0
9.677315e+01 6.899444e+01 0
9.716846e+01 6.899028e+01 0
9.756354e+01 6.898613e+01 0
9.795841e+01 6.898198e+01 0
9.835305e+01 6.897783e+01 0
9.874746e+01 6.897369e+01 0
9.914166e+01 6.896955e+01 0
9.953563e+01 6.896541e+01 0
9.992938e+01 6.896127e+01 0
1.003229e+02 6.895713e+01 0
1.026795e+02 6.893237e+01 0
1.030714e+02 6.892825e+01 0
1.034632e+02 6.892413e+01 0
1.038548e+02 6.892002e+01 0
1.042461e+02 6.891591e+01 0
1.050281e+02 6.890769e+01 0
1.054187e+02 6.890358e+01 0
1.058092e+02 6.889948e+01 0
1.061994e+02 6.889538e+01 0
1.065894e+02 6.889128e+01 0
1.069792e+02 6.888719e+01 0
1.073688e+02 6.888309e+01 0
1.085362e+02 6.887082e+01 0
1.089249e+02 6.886674e+01 0
1.093134e+02 6.886266e+01 0
1.112526e+02 6.884228e+01 0
1.128001e+02 6.882602e+01 0
