-2.534703e+01 7.747567e+01 0
-2.499828e+01 7.747649e+01 0
-2.464955e+01 7.747732e+01 0
-2.430085e+01 7.747814e+01 0
-2.395218e+01 7.747896e+01 0
-2.290633e+01 7.748143e+01 0
-2.255777e+01 7.748225e+01 0
-2.220923e+01 7.748308e+01 0
-2.186072e+01 7.748390e+01 0
-2.151223e+01 7.748472e+01 0
-2.116378e+01 7.748554e+01 0
-1.977022e+01 7.748883e+01 0
-1.942189e+01 7.748966e+01 0
-1.907360e+01 7.749048e+01 0
-1.870759e+01 7.783399e+01 0
-1.766305e+01 7.783642e+01 0
-1.731492e+01 7.783723e+01 0
-1.696682e+01 7.783804e+01 0
-1.661875e+01 7.783885e+01 0
-1.627070e+01 7.783965e+01 0
-1.522672e+01 7.784208e+01 0
-1.487878e+01 7.784289e+01 0
-1.453086e+01 7.784370e+01 0
-1.418298e+01 7.784450e+01 0
-1.383512e+01 7.784531e+01 0
-1.279170e+01 7.784774e+01 0
-1.244395e+01 7.784854e+01 0
-1.209622e+01 7.784935e+01 0
-1.174852e+01 7.785016e+01 0
-1.140085e+01 7.785097e+01 0
-1.070558e+01 7.785258e+01 0
-1.001042e+01 7.785420e+01 0
-9.662883e+00 7.785500e+01 0
-9.315370e+00 7.785581e+01 0
-8.620424e+00 7.785742e+01 0
-8.272991e+00 7.785823e+01 0
-7.925585e+00 7.785904e+01 0
-6.883526e+00 7.786146e+01 0
-5.841707e+00 7.786388e+01 0
-4.105875e+00 7.786791e+01 0
-1.034110e+01 7.819570e+01 0
-7.561601e+00 7.820205e+01 0
-7.214283e+00 7.820284e+01 0
-6.172490e+00 7.820522e+01 0
-5.478094e+00 7.820681e+01 0
-5.130936e+00 7.820760e+01 0
-4.783805e+00 7.820839e+01 0
-3.742571e+00 7.821077e+01 0
-3.395546e+00 7.821157e+01 0
-3.048548e+00 7.821236e+01 0
-2.701577e+00 7.821315e+01 0
-2.354632e+00 7.821395e+01 0
-2.007713e+00 7.821474e+01 0
-1.660822e+00 7.821553e+01 0
-1.313956e+00 7.821632e+01 0
-9.671179e-01 7.821712e+01 0
-6.203059e-01 7.821791e+01 0
-2.735205e-01 7.821870e+01 0
7.323831e-02 7.821949e+01 0
4.199706e-01 7.822029e+01 0
7.666762e-01 7.822108e+01 0
1.113355e+00 7.822187e+01 0
2.811169e+01 7.930561e+01 0
2.845617e+01 7.930636e+01 0
2.880063e+01 7.930710e+01 0
2.914506e+01 7.930785e+01 0
2.948947e+01 7.930860e+01 0
2.983385e+01 7.930935e+01 0
3.017820e+01 7.931010e+01 0
3.052253e+01 7.931084e+01 0
3.086683e+01 7.931159e+01 0
3.121111e+01 7.931234e+01 0
3.155536e+01 7.931309e+01 0
3.189958e+01 7.931383e+01 0
3.224378e+01 7.931458e+01 0
3.258794e+01 7.931533e+01 0
3.327621e+01 7.931682e+01 0
3.362030e+01 7.931757e+01 0
3.396436e+01 7.931832e+01 0
3.430840e+01 7.931906e+01 0
3.294459e+01 7.965647e+01 0
3.466474e+01 7.966014e+01 0
3.500869e+01 7.966087e+01 0
3.535262e+01 7.966161e+01 0
3.569652e+01 7.966234e+01 0
3.604039e+01 7.966308e+01 0
3.638423e+01 7.966381e+01 0
3.672805e+01 7.966454e+01 0
3.707185e+01 7.966528e+01 0
3.741562e+01 7.966601e+01 0
3.775936e+01 7.966674e+01 0
3.810307e+01 7.966748e+01 0
3.844676e+01 7.966821e+01 0
3.879042e+01 7.966894e+01 0
3.913406e+01 7.966968e+01 0
3.947767e+01 7.967041e+01 0
3.982126e+01 7.967114e+01 0
4.016481e+01 7.967188e+01 0
4.050835e+01 7.967261e+01 0
4.085185e+01 7.967334e+01 0
4.188221e+01 7.967554e+01 0
4.222561e+01 7.967627e+01 0
4.120700e+01 8.001409e+01 0
4.155042e+01 8.001481e+01 0
4.258052e+01 8.001697e+01 0
4.292383e+01 8.001769e+01 0
4.326712e+01 8.001841e+01 0
4.361038e+01 8.001913e+01 0
4.395361e+01 8.001985e+01 0
4.429682e+01 8.002057e+01 0
4.464001e+01 8.002128e+01 0
4.498316e+01 8.002200e+01 0
4.532629e+01 8.002272e+01 0
4.566940e+01 8.002344e+01 0
4.601248e+01 8.002416e+01 0
4.635553e+01 8.002488e+01 0
4.669856e+01 8.002560e+01 0
4.772748e+01 8.002776e+01 0
4.909901e+01 8.003063e+01 0
4.978461e+01 8.003207e+01 0
5.012738e+01 8.003279e+01 0
4.705264e+01 8.036604e+01 0
4.739558e+01 8.036675e+01 0
4.808138e+01 8.036816e+01 0
4.842424e+01 8.036887e+01 0
4.876707e+01 8.036957e+01 0
4.945266e+01 8.037098e+01 0
5.048085e+01 8.037310e+01 0
5.082353e+01 8.037380e+01 0
5.116619e+01 8.037451e+01 0
5.150881e+01 8.037522e+01 0
5.185141e+01 8.037592e+01 0
5.219398e+01 8.037663e+01 0
5.253653e+01 8.037733e+01 0
5.287905e+01 8.037804e+01 0
5.322155e+01 8.037874e+01 0
5.356402e+01 8.037945e+01 0
5.390646e+01 8.038015e+01 0
8.124835e+01 8.178941e+01 0
8.158855e+01 8.179006e+01 0
8.192873e+01 8.179071e+01 0
8.226889e+01 8.179136e+01 0
8.260902e+01 8.179201e+01 0
8.294912e+01 8.179265e+01 0
8.328919e+01 8.179330e+01 0
8.362924e+01 8.179395e+01 0
8.396927e+01 8.179460e+01 0
8.430927e+01 8.179525e+01 0
8.464924e+01 8.179590e+01 0
8.498919e+01 8.179655e+01 0
8.532911e+01 8.179719e+01 0
8.566901e+01 8.179784e+01 0
8.600888e+01 8.179849e+01 0
8.634872e+01 8.179914e+01 0
8.668854e+01 8.179979e+01 0
8.702833e+01 8.180044e+01 0
8.736810e+01 8.180108e+01 0
8.770784e+01 8.180173e+01 0
8.804756e+01 8.180238e+01 0
8.872691e+01 8.180368e+01 0
8.906655e+01 8.180432e+01 0
8.940616e+01 8.180497e+01 0
8.839419e+01 8.214085e+01 0
8.975256e+01 8.214339e+01 0
9.009208e+01 8.214403e+01 0
9.043159e+01 8.214466e+01 0
9.077106e+01 8.214529e+01 0
9.111051e+01 8.214593e+01 0
9.144994e+01 8.214656e+01 0
9.178933e+01 8.214720e+01 0
9.212871e+01 8.214783e+01 0
9.246805e+01 8.214847e+01 0
9.280738e+01 8.214910e+01 0
9.314667e+01 8.214974e+01 0
9.348594e+01 8.215037e+01 0
9.382519e+01 8.215101e+01 0
9.416440e+01 8.215164e+01 0
9.450360e+01 8.215227e+01 0
9.484276e+01 8.215291e+01 0
9.518191e+01 8.215354e+01 0
9.552102e+01 8.215418e+01 0
9.586011e+01 8.215481e+01 0
9.619918e+01 8.215544e+01 0
9.653821e+01 8.215608e+01 0
9.687723e+01 8.215671e+01 0
9.721621e+01 8.215735e+01 0
9.755518e+01 8.215798e+01 0
9.789411e+01 8.215861e+01 0
9.823302e+01 8.215925e+01 0
9.857191e+01 8.215988e+01 0
9.891077e+01 8.216051e+01 0
9.924960e+01 8.216115e+01 0
9.958841e+01 8.216178e+01 0
9.992719e+01 8.216242e+01 0
1.002659e+02 8.216305e+01 0
1.009434e+02 8.216432e+01 0
1.012821e+02 8.216495e+01 0
1.016207e+02 8.216558e+01 0
1.019593e+02 8.216622e+01 0
1.022979e+02 8.216685e+01 0
1.026365e+02 8.216748e+01 0
1.029751e+02 8.216811e+01 0
1.033136e+02 8.216875e+01 0
1.036521e+02 8.216938e+01 0
1.039906e+02 8.217001e+01 0
1.043290e+02 8.217065e+01 0
1.046674e+02 8.217128e+01 0
1.050058e+02 8.217191e+01 0
1.053442e+02 8.217254e+01 0
1.070357e+02 8.217571e+01 0
1.006104e+02 8.250098e+01 0
1.056878e+02 8.251028e+01 0
1.060261e+02 8.251090e+01 0
1.063643e+02 8.251152e+01 0
1.067026e+02 8.251214e+01 0
1.073790e+02 8.251338e+01 0
1.077171e+02 8.251400e+01 0
1.080553e+02 8.251462e+01 0
1.083934e+02 8.251524e+01 0
1.087315e+02 8.251585e+01 0
1.373774e+02 8.290417e+01 0
1.370437e+02 8.323935e+01 0
1.377153e+02 8.324053e+01 0
1.380511e+02 8.324112e+01 0
1.383869e+02 8.324171e+01 0
1.387227e+02 8.324230e+01 0
1.390584e+02 8.324289e+01 0
1.393941e+02 8.324348e+01 0
1.397298e+02 8.324407e+01 0
1.400654e+02 8.324466e+01 0
1.404011e+02 8.324525e+01 0
1.407367e+02 8.324584e+01 0
1.410722e+02 8.324643e+01 0
1.414078e+02 8.324702e+01 0
1.417433e+02 8.324761e+01 0
1.420788e+02 8.324819e+01 0
1.424143e+02 8.324878e+01 0
1.427497e+02 8.324937e+01 0
1.430851e+02 8.324996e+01 0
1.434205e+02 8.325055e+01 0
1.437559e+02 8.325114e+01 0
1.440913e+02 8.325173e+01 0
1.444266e+02 8.325232e+01 0
1.447619e+02 8.325291e+01 0
1.450972e+02 8.325350e+01 0
1.454324e+02 8.325409e+01 0
1.457676e+02 8.325468e+01 0
1.461028e+02 8.325526e+01 0
1.464380e+02 8.325585e+01 0
1.467731e+02 8.325644e+01 0
1.471083e+02 8.325703e+01 0
1.474434e+02 8.325762e+01 0
1.477784e+02 8.325821e+01 0
1.481135e+02 8.325880e+01 0
1.484485e+02 8.325938e+01 0
1.487835e+02 8.325997e+01 0
1.491185e+02 8.326056e+01 0
1.494534e+02 8.326115e+01 0
1.497883e+02 8.326174e+01 0
1.501232e+02 8.326233e+01 0
1.504581e+02 8.326292e+01 0
1.511277e+02 8.326409e+01 0
1.514625e+02 8.326468e+01 0
1.524668e+02 8.326644e+01 0
1.528014e+02 8.326703e+01 0
1.531361e+02 8.326762e+01 0
1.507937e+02 8.359870e+01 0
1.517980e+02 8.360043e+01 0
1.521327e+02 8.360100e+01 0
1.534713e+02 8.360330e+01 0
1.538059e+02 8.360388e+01 0
1.541404e+02 8.360445e+01 0
1.544750e+02 8.360503e+01 0
1.548095e+02 8.360560e+01 0
1.551439e+02 8.360618e+01 0
1.554784e+02 8.360675e+01 0
1.558128e+02 8.360733e+01 0
1.561472e+02 8.360790e+01 0
1.564816e+02 8.360848e+01 0
1.568160e+02 8.360905e+01 0
1.571503e+02 8.360963e+01 0
1.574846e+02 8.361020e+01 0
1.578189e+02 8.361078e+01 0
1.581532e+02 8.361135e+01 0
1.584874e+02 8.361193e+01 0
1.588216e+02 8.361250e+01 0
1.591558e+02 8.361307e+01 0
1.594899e+02 8.361365e+01 0
1.598241e+02 8.361422e+01 0
1.601582e+02 8.361480e+01 0
1.604922e+02 8.361537e+01 0
1.608263e+02 8.361595e+01 0
1.611603e+02 8.361652e+01 0
1.614943e+02 8.361709e+01 0
1.618283e+02 8.361767e+01 0
1.621623e+02 8.361824e+01 0
1.624962e+02 8.361882e+01 0
1.628301e+02 8.361939e+01 0
1.631640e+02 8.361997e+01 0
1.634978e+02 8.362054e+01 0
1.638317e+02 8.362111e+01 0
1.641655e+02 8.362169e+01 0
1.644993e+02 8.362226e+01 0
1.648330e+02 8.362283e+01 0
1.934356e+02 8.433899e+01 0
1.937671e+02 8.433953e+01 0
1.940986e+02 8.434008e+01 0
1.944301e+02 8.434062e+01 0
1.947615e+02 8.434116e+01 0
1.950930e+02 8.434171e+01 0
1.954244e+02 8.434225e+01 0
1.957557e+02 8.434280e+01 0
1.960871e+02 8.434334e+01 0
1.964184e+02 8.434389e+01 0
1.970810e+02 8.434498e+01 0
1.974122e+02 8.434552e+01 0
1.977434e+02 8.434607e+01 0
1.980746e+02 8.434661e+01 0
2.000613e+02 8.434988e+01 0
2.013852e+02 8.435205e+01 0
1.967460e+02 8.467769e+01 0
1.984019e+02 8.468035e+01 0
1.987330e+02 8.468089e+01 0
1.990641e+02 8.468142e+01 0
1.993952e+02 8.468195e+01 0
1.997262e+02 8.468248e+01 0
2.003883e+02 8.468354e+01 0
2.007192e+02 8.468408e+01 0
2.010502e+02 8.468461e+01 0
2.017120e+02 8.468567e+01 0
2.020428e+02 8.468620e+01 0
2.023737e+02 8.468673e+01 0
2.027045e+02 8.468726e+01 0
2.030353e+02 8.468780e+01 0
2.033661e+02 8.468833e+01 0
2.036968e+02 8.468886e+01 0
2.040275e+02 8.468939e+01 0
2.043582e+02 8.468992e+01 0
2.046889e+02 8.469045e+01 0
2.050195e+02 8.469098e+01 0
2.053501e+02 8.469151e+01 0
2.056807e+02 8.469204e+01 0
2.060113e+02 8.469258e+01 0
2.063419e+02 8.469311e+01 0
2.066724e+02 8.469364e+01 0
2.070029e+02 8.469417e+01 0
2.073333e+02 8.469470e+01 0
2.076638e+02 8.469523e+01 0
2.079942e+02 8.469576e+01 0
2.083246e+02 8.469629e+01 0
2.086550e+02 8.469682e+01 0
2.089853e+02 8.469735e+01 0
2.093156e+02 8.469788e+01 0
2.096459e+02 8.469841e+01 0
2.099712e+02 8.503164e+01 0
2.103015e+02 8.503216e+01 0
2.106317e+02 8.503268e+01 0
2.109618e+02 8.503319e+01 0
2.112920e+02 8.503371e+01 0
2.116221e+02 8.503423e+01 0
2.119522e+02 8.503475e+01 0
2.122822e+02 8.503526e+01 0
2.126123e+02 8.503578e+01 0
2.129423e+02 8.503630e+01 0
2.132723e+02 8.503682e+01 0
2.136023e+02 8.503734e+01 0
2.139322e+02 8.503785e+01 0
2.142621e+02 8.503837e+01 0
2.145920e+02 8.503889e+01 0
2.149219e+02 8.503941e+01 0
2.152518e+02 8.503992e+01 0
2.155816e+02 8.504044e+01 0
2.159114e+02 8.504096e+01 0
2.162412e+02 8.504147e+01 0
2.165709e+02 8.504199e+01 0
2.169006e+02 8.504251e+01 0
2.172303e+02 8.504303e+01 0
2.175600e+02 8.504354e+01 0
2.178897e+02 8.504406e+01 0
2.182193e+02 8.504458e+01 0
2.185489e+02 8.504509e+01 0
2.188785e+02 8.504561e+01 0
2.192080e+02 8.504613e+01 0
2.195375e+02 8.504664e+01 0
2.198670e+02 8.504716e+01 0
2.201965e+02 8.504768e+01 0
2.205260e+02 8.504819e+01 0
2.208554e+02 8.504871e+01 0
2.211848e+02 8.504923e+01 0
2.218435e+02 8.505026e+01 0
2.221729e+02 8.505078e+01 0
2.225022e+02 8.505129e+01 0
2.215081e+02 8.538194e+01 0
2.228252e+02 8.538396e+01 0
2.231545e+02 8.538446e+01 0
2.234837e+02 8.538496e+01 0
2.238128e+02 8.538547e+01 0
2.241420e+02 8.538597e+01 0
2.244711e+02 8.538648e+01 0
2.248002e+02 8.538698e+01 0
2.251293e+02 8.538748e+01 0
2.254584e+02 8.538799e+01 0
2.257874e+02 8.538849e+01 0
2.261164e+02 8.538900e+01 0
2.264454e+02 8.538950e+01 0
2.267743e+02 8.539000e+01 0
2.271033e+02 8.539051e+01 0
2.274322e+02 8.539101e+01 0
2.277610e+02 8.539151e+01 0
2.280899e+02 8.539202e+01 0
2.284187e+02 8.539252e+01 0
2.294051e+02 8.539403e+01 0
2.297338e+02 8.539453e+01 0
2.300625e+02 8.539504e+01 0
2.303912e+02 8.539554e+01 0
2.307199e+02 8.539604e+01 0
2.310485e+02 8.539655e+01 0
2.313771e+02 8.539705e+01 0
2.317057e+02 8.539755e+01 0
2.320343e+02 8.539805e+01 0
2.326913e+02 8.539906e+01 0
2.330198e+02 8.539956e+01 0
2.333483e+02 8.540007e+01 0
2.287408e+02 8.572488e+01 0
2.290695e+02 8.572537e+01 0
2.323557e+02 8.573028e+01 0
2.336695e+02 8.573224e+01 0
2.339978e+02 8.573273e+01 0
2.343262e+02 8.573322e+01 0
2.346545e+02 8.573371e+01 0
2.349828e+02 8.573420e+01 0
2.353111e+02 8.573469e+01 0
2.356394e+02 8.573518e+01 0
2.359676e+02 8.573567e+01 0
2.362958e+02 8.573616e+01 0
2.366240e+02 8.573665e+01 0
2.369522e+02 8.573714e+01 0
2.372803e+02 8.573763e+01 0
2.376085e+02 8.573812e+01 0
2.379365e+02 8.573861e+01 0
2.382646e+02 8.573910e+01 0
2.385927e+02 8.573959e+01 0
2.389207e+02 8.574008e+01 0
2.392487e+02 8.574057e+01 0
2.395766e+02 8.574106e+01 0
2.398967e+02 8.607292e+01 0
2.402246e+02 8.607340e+01 0
2.405525e+02 8.607388e+01 0
2.408803e+02 8.607435e+01 0
2.412081e+02 8.607483e+01 0
2.415359e+02 8.607531e+01 0
2.418637e+02 8.607579e+01 0
2.421914e+02 8.607626e+01 0
2.425191e+02 8.607674e+01 0
2.428468e+02 8.607722e+01 0
2.431745e+02 8.607769e+01 0
2.435022e+02 8.607817e+01 0
2.438298e+02 8.607865e+01 0
2.441574e+02 8.607912e+01 0
2.444849e+02 8.607960e+01 0
2.448125e+02 8.608008e+01 0
