2.231386e+02 9.646359e+01 0
2.234424e+02 9.646353e+01 0
2.237462e+02 9.646348e+01 0
2.240499e+02 9.646342e+01 0
2.243537e+02 9.646336e+01 0
2.246574e+02 9.646330e+01 0
2.252647e+02 9.646319e+01 0
2.258720e+02 9.646307e+01 0
2.261756e+02 9.646302e+01 0
2.264792e+02 9.646296e+01 0
2.267828e+02 9.646290e+01 0
2.270863e+02 9.646285e+01 0
2.273898e+02 9.646279e+01 0
2.276933e+02 9.646273e+01 0
2.279968e+02 9.646267e+01 0
2.283002e+02 9.646262e+01 0
2.286037e+02 9.646256e+01 0
2.289071e+02 9.646250e+01 0
2.292104e+02 9.646244e+01 0
2.295138e+02 9.646239e+01 0
2.298171e+02 9.646233e+01 0
2.301205e+02 9.646227e+01 0
2.304238e+02 9.646222e+01 0
2.307270e+02 9.646216e+01 0
2.310303e+02 9.646210e+01 0
2.313335e+02 9.646204e+01 0
2.316367e+02 9.646199e+01 0
2.319399e+02 9.646193e+01 0
2.322430e+02 9.646187e+01 0
2.325462e+02 9.646182e+01 0
2.328493e+02 9.646176e+01 0
2.331524e+02 9.646170e+01 0
2.334554e+02 9.646164e+01 0
2.346675e+02 9.646142e+01 0
2.349705e+02 9.646136e+01 0
2.355763e+02 9.646124e+01 0
2.361821e+02 9.646113e+01 0
2.364849e+02 9.646107e+01 0
2.370905e+02 9.646096e+01 0
2.373933e+02 9.646090e+01 0
2.376961e+02 9.646084e+01 0
2.395121e+02 9.646050e+01 0
2.401173e+02 9.646039e+01 0
2.404199e+02 9.646033e+01 0
2.407224e+02 9.646027e+01 0
2.410249e+02 9.646022e+01 0
2.416299e+02 9.646010e+01 0
2.419323e+02 9.646005e+01 0
2.422347e+02 9.645999e+01 0
2.425371e+02 9.645993e+01 0
1.800747e+02 9.678153e+01 0
1.816094e+02 9.678118e+01 0
1.819162e+02 9.678111e+01 0
1.822231e+02 9.678104e+01 0
1.825299e+02 9.678097e+01 0
1.852903e+02 9.678035e+01 0
1.855969e+02 9.678028e+01 0
1.862101e+02 9.678014e+01 0
1.865166e+02 9.678007e+01 0
1.871296e+02 9.677993e+01 0
1.874360e+02 9.677986e+01 0
1.880489e+02 9.677972e+01 0
1.883553e+02 9.677966e+01 0
1.892744e+02 9.677945e+01 0
1.895807e+02 9.677938e+01 0
1.904994e+02 9.677917e+01 0
1.908056e+02 9.677910e+01 0
1.911118e+02 9.677903e+01 0
1.914180e+02 9.677896e+01 0
1.917242e+02 9.677889e+01 0
1.923364e+02 9.677876e+01 0
1.926425e+02 9.677869e+01 0
1.929485e+02 9.677862e+01 0
1.932545e+02 9.677855e+01 0
1.935606e+02 9.677848e+01 0
1.938665e+02 9.677841e+01 0
1.941725e+02 9.677834e+01 0
1.944785e+02 9.677827e+01 0
1.947844e+02 9.677820e+01 0
1.950903e+02 9.677813e+01 0
1.953961e+02 9.677806e+01 0
2.249588e+02 9.677138e+01 0
2.255661e+02 9.677125e+01 0
2.337562e+02 9.676940e+01 0
2.340592e+02 9.676933e+01 0
2.343622e+02 9.676926e+01 0
2.352711e+02 9.676905e+01 0
2.358768e+02 9.676892e+01 0
2.367854e+02 9.676871e+01 0
2.379964e+02 9.676844e+01 0
2.382991e+02 9.676837e+01 0
2.386018e+02 9.676830e+01 0
2.389045e+02 9.676823e+01 0
2.392071e+02 9.676816e+01 0
2.398124e+02 9.676803e+01 0
2.413250e+02 9.676768e+01 0
2.428371e+02 9.676734e+01 0
1.683905e+02 9.709441e+01 0
1.686984e+02 9.709433e+01 0
1.690062e+02 9.709425e+01 0
1.693140e+02 9.709417e+01 0
1.696218e+02 9.709409e+01 0
1.699295e+02 9.709401e+01 0
1.702373e+02 9.709393e+01 0
1.705450e+02 9.709385e+01 0
1.708527e+02 9.709377e+01 0
1.711603e+02 9.709368e+01 0
1.714680e+02 9.709360e+01 0
1.717756e+02 9.709352e+01 0
1.720832e+02 9.709344e+01 0
1.723908e+02 9.709336e+01 0
1.726983e+02 9.709328e+01 0
1.730059e+02 9.709320e+01 0
1.733134e+02 9.709312e+01 0
1.736209e+02 9.709304e+01 0
1.739283e+02 9.709296e+01 0
1.742358e+02 9.709287e+01 0
1.745432e+02 9.709279e+01 0
1.748506e+02 9.709271e+01 0
1.751579e+02 9.709263e+01 0
1.754653e+02 9.709255e+01 0
1.757726e+02 9.709247e+01 0
1.760799e+02 9.709239e+01 0
1.763872e+02 9.709231e+01 0
1.766945e+02 9.709223e+01 0
1.770017e+02 9.709215e+01 0
1.773089e+02 9.709206e+01 0
1.776161e+02 9.709198e+01 0
1.779233e+02 9.709190e+01 0
1.782304e+02 9.709182e+01 0
1.785375e+02 9.709174e+01 0
1.788446e+02 9.709166e+01 0
1.791517e+02 9.709158e+01 0
1.794587e+02 9.709150e+01 0
1.797658e+02 9.709142e+01 0
1.803798e+02 9.709126e+01 0
1.806867e+02 9.709118e+01 0
1.809937e+02 9.709109e+01 0
1.813006e+02 9.709101e+01 0
1.828348e+02 9.709061e+01 0
1.831416e+02 9.709053e+01 0
1.834483e+02 9.709045e+01 0
1.837551e+02 9.709037e+01 0
1.840618e+02 9.709029e+01 0
1.843685e+02 9.709021e+01 0
1.846751e+02 9.709012e+01 0
1.849818e+02 9.709004e+01 0
1.859016e+02 9.708980e+01 0
1.868212e+02 9.708956e+01 0
1.877405e+02 9.708932e+01 0
1.886597e+02 9.708908e+01 0
1.889661e+02 9.708899e+01 0
1.920283e+02 9.708819e+01 0
-2.915923e-01 9.745539e+01 0
3.493610e-01 9.745519e+01 0
6.698013e-01 9.745510e+01 0
9.902173e-01 9.745500e+01 0
1.310609e+00 9.745491e+01 0
1.630977e+00 9.745481e+01 0
1.951320e+00 9.745471e+01 0
2.271639e+00 9.745462e+01 0
2.912204e+00 9.745442e+01 0
3.232450e+00 9.745433e+01 0
3.552673e+00 9.745423e+01 0
4.193044e+00 9.745404e+01 0
4.513193e+00 9.745394e+01 0
4.833319e+00 9.745385e+01 0
5.793549e+00 9.745356e+01 0
6.753561e+00 9.745327e+01 0
7.073517e+00 9.745317e+01 0
7.713356e+00 9.745298e+01 0
1.027174e+01 9.745221e+01 0
1.123074e+01 9.745192e+01 0
1.186995e+01 9.745173e+01 0
1.218952e+01 9.745163e+01 0
1.250906e+01 9.745154e+01 0
1.314808e+01 9.745135e+01 0
1.378700e+01 9.745115e+01 0
1.506455e+01 9.745077e+01 0
1.538388e+01 9.745067e+01 0
1.570318e+01 9.745058e+01 0
1.634172e+01 9.745038e+01 0
1.666095e+01 9.745029e+01 0
1.698015e+01 9.745019e+01 0
1.761849e+01 9.745000e+01 0
1.793763e+01 9.744990e+01 0
1.857583e+01 9.744971e+01 0
1.889489e+01 9.744962e+01 0
1.985193e+01 9.744933e+01 0
2.017090e+01 9.744923e+01 0
2.080875e+01 9.744904e+01 0
2.112765e+01 9.744895e+01 0
2.208418e+01 9.744866e+01 0
2.240298e+01 9.744856e+01 0
2.335923e+01 9.744827e+01 0
2.367793e+01 9.744818e+01 0
2.431526e+01 9.744799e+01 0
2.463389e+01 9.744789e+01 0
2.527107e+01 9.744770e+01 0
2.558963e+01 9.744760e+01 0
2.686362e+01 9.744722e+01 0
1.169676e+02 9.742012e+01 0
1.197718e+02 9.741928e+01 0
1.203947e+02 9.741909e+01 0
1.210175e+02 9.741890e+01 0
1.213289e+02 9.741881e+01 0
1.216402e+02 9.741872e+01 0
1.219516e+02 9.741862e+01 0
1.228854e+02 9.741834e+01 0
1.235078e+02 9.741815e+01 0
1.238190e+02 9.741806e+01 0
1.241302e+02 9.741797e+01 0
1.259967e+02 9.741741e+01 0
1.263077e+02 9.741731e+01 0
1.266187e+02 9.741722e+01 0
1.269296e+02 9.741712e+01 0
1.272405e+02 9.741703e+01 0
1.275514e+02 9.741694e+01 0
1.281732e+02 9.741675e+01 0
1.284840e+02 9.741666e+01 0
1.287948e+02 9.741656e+01 0
1.291056e+02 9.741647e+01 0
1.294164e+02 9.741638e+01 0
1.297271e+02 9.741628e+01 0
1.300379e+02 9.741619e+01 0
1.303486e+02 9.741610e+01 0
1.306592e+02 9.741600e+01 0
1.309699e+02 9.741591e+01 0
1.312805e+02 9.741582e+01 0
1.315911e+02 9.741572e+01 0
1.319017e+02 9.741563e+01 0
1.328333e+02 9.741535e+01 0
1.331438e+02 9.741526e+01 0
1.334543e+02 9.741516e+01 0
1.337647e+02 9.741507e+01 0
1.340752e+02 9.741498e+01 0
1.343855e+02 9.741488e+01 0
1.346959e+02 9.741479e+01 0
1.350063e+02 9.741470e+01 0
1.353166e+02 9.741460e+01 0
1.356269e+02 9.741451e+01 0
1.359372e+02 9.741442e+01 0
1.365577e+02 9.741423e+01 0
1.368679e+02 9.741414e+01 0
1.371781e+02 9.741404e+01 0
1.374883e+02 9.741395e+01 0
1.381085e+02 9.741376e+01 0
1.387287e+02 9.741358e+01 0
1.390387e+02 9.741348e+01 0
1.393488e+02 9.741339e+01 0
1.396588e+02 9.741330e+01 0
-6.130260e+01 9.779256e+01 0
-6.097748e+01 9.779245e+01 0
-6.065238e+01 9.779234e+01 0
-6.032731e+01 9.779223e+01 0
-5.902727e+01 9.779179e+01 0
-5.870232e+01 9.779168e+01 0
-5.837740e+01 9.779157e+01 0
-5.805250e+01 9.779146e+01 0
-5.772763e+01 9.779135e+01 0
-4.151547e+01 9.778587e+01 0
-4.054470e+01 9.778554e+01 0
-3.860383e+01 9.778488e+01 0
-3.731041e+01 9.778445e+01 0
-3.634060e+01 9.778412e+01 0
-3.537101e+01 9.778379e+01 0
-3.504786e+01 9.778368e+01 0
-3.472474e+01 9.778357e+01 0
-3.440164e+01 9.778346e+01 0
-3.343250e+01 9.778314e+01 0
-3.310950e+01 9.778303e+01 0
-3.278652e+01 9.778292e+01 0
-3.246357e+01 9.778281e+01 0
-3.214064e+01 9.778270e+01 0
-3.149487e+01 9.778248e+01 0
-3.117201e+01 9.778237e+01 0
-3.084919e+01 9.778226e+01 0
-3.052638e+01 9.778215e+01 0
2.850909e-02 9.777182e+01 0
3.872450e+00 9.777052e+01 0
5.152988e+00 9.777009e+01 0
5.473063e+00 9.776998e+01 0
6.113138e+00 9.776976e+01 0
6.433139e+00 9.776966e+01 0
7.392998e+00 9.776933e+01 0
8.672471e+00 9.776890e+01 0
8.992279e+00 9.776879e+01 0
9.312063e+00 9.776868e+01 0
9.631822e+00 9.776857e+01 0
9.951558e+00 9.776847e+01 0
1.346705e+01 9.776728e+01 0
1.602194e+01 9.776641e+01 0
1.729880e+01 9.776598e+01 0
1.825620e+01 9.776566e+01 0
1.921338e+01 9.776533e+01 0
1.953239e+01 9.776523e+01 0
2.048928e+01 9.776490e+01 0
2.144595e+01 9.776458e+01 0
2.176479e+01 9.776447e+01 0
2.272117e+01 9.776415e+01 0
2.303992e+01 9.776404e+01 0
2.399602e+01 9.776372e+01 0
2.495189e+01 9.776339e+01 0
2.590756e+01 9.776307e+01 0
2.622606e+01 9.776296e+01 0
2.654454e+01 9.776285e+01 0
2.718143e+01 9.776264e+01 0
5.637490e+01 9.775277e+01 0
5.700730e+01 9.775255e+01 0
5.732346e+01 9.775245e+01 0
5.763960e+01 9.775234e+01 0
5.795572e+01 9.775223e+01 0
5.827181e+01 9.775213e+01 0
5.858788e+01 9.775202e+01 0
5.890392e+01 9.775191e+01 0
5.985192e+01 9.775159e+01 0
6.016786e+01 9.775149e+01 0
6.048379e+01 9.775138e+01 0
6.079969e+01 9.775127e+01 0
6.111557e+01 9.775116e+01 0
6.143142e+01 9.775106e+01 0
6.174726e+01 9.775095e+01 0
6.237885e+01 9.775074e+01 0
6.427305e+01 9.775010e+01 0
6.742815e+01 9.774903e+01 0
1.129124e+02 9.773365e+01 0
1.132243e+02 9.773354e+01 0
1.135363e+02 9.773344e+01 0
1.141601e+02 9.773323e+01 0
1.144720e+02 9.773312e+01 0
1.147839e+02 9.773302e+01 0
1.150957e+02 9.773291e+01 0
1.154075e+02 9.773281e+01 0
1.157193e+02 9.773270e+01 0
1.166545e+02 9.773238e+01 0
1.172779e+02 9.773217e+01 0
1.175895e+02 9.773207e+01 0
1.179011e+02 9.773196e+01 0
1.182128e+02 9.773186e+01 0
1.185243e+02 9.773175e+01 0
1.188359e+02 9.773165e+01 0
1.191474e+02 9.773154e+01 0
1.231952e+02 9.773017e+01 0
1.244399e+02 9.772975e+01 0
1.247510e+02 9.772965e+01 0
1.250621e+02 9.772954e+01 0
1.253732e+02 9.772944e+01 0
1.256842e+02 9.772933e+01 0
-5.350646e+01 9.810845e+01 0
-5.318193e+01 9.810833e+01 0
-5.285743e+01 9.810821e+01 0
-5.253296e+01 9.810808e+01 0
-5.220851e+01 9.810796e+01 0
-5.058663e+01 9.810735e+01 0
-5.026233e+01 9.810723e+01 0
-4.993805e+01 9.810711e+01 0
-4.961380e+01 9.810699e+01 0
-4.831704e+01 9.810650e+01 0
-4.799291e+01 9.810638e+01 0
-4.766880e+01 9.810626e+01 0
-4.734472e+01 9.810614e+01 0
-4.702067e+01 9.810601e+01 0
-4.604865e+01 9.810565e+01 0
-4.572469e+01 9.810553e+01 0
-4.540076e+01 9.810541e+01 0
-4.507686e+01 9.810528e+01 0
-4.378147e+01 9.810480e+01 0
-4.345769e+01 9.810468e+01 0
-4.313393e+01 9.810455e+01 0
-4.281020e+01 9.810443e+01 0
-4.119189e+01 9.810382e+01 0
-4.086831e+01 9.810370e+01 0
-3.957420e+01 9.810322e+01 0
-3.925074e+01 9.810310e+01 0
-3.892730e+01 9.810297e+01 0
-3.698718e+01 9.810225e+01 0
-3.666392e+01 9.810212e+01 0
5.669025e+01 9.806707e+01 0
5.921906e+01 9.806612e+01 0
5.953505e+01 9.806600e+01 0
6.206215e+01 9.806505e+01 0
6.553443e+01 9.806375e+01 0
6.584995e+01 9.806363e+01 0
6.616545e+01 9.806351e+01 0
6.648092e+01 9.806339e+01 0
6.679637e+01 9.806327e+01 0
6.711179e+01 9.806315e+01 0
6.774257e+01 9.806292e+01 0
6.805793e+01 9.806280e+01 0
6.837326e+01 9.806268e+01 0
6.868856e+01 9.806256e+01 0
6.900385e+01 9.806244e+01 0
6.963434e+01 9.806221e+01 0
6.994955e+01 9.806209e+01 0
7.026474e+01 9.806197e+01 0
7.057991e+01 9.806185e+01 0
7.089505e+01 9.806173e+01 0
7.121016e+01 9.806161e+01 0
7.152526e+01 9.806150e+01 0
7.184033e+01 9.806138e+01 0
7.215537e+01 9.806126e+01 0
7.247040e+01 9.806114e+01 0
7.278540e+01 9.806102e+01 0
7.310037e+01 9.806090e+01 0
7.341532e+01 9.806079e+01 0
7.373025e+01 9.806067e+01 0
7.404516e+01 9.806055e+01 0
7.436004e+01 9.806043e+01 0
7.467489e+01 9.806031e+01 0
7.498973e+01 9.806020e+01 0
7.530454e+01 9.806008e+01 0
7.561932e+01 9.805996e+01 0
7.624882e+01 9.805972e+01 0
7.656354e+01 9.805960e+01 0
7.687823e+01 9.805949e+01 0
7.719290e+01 9.805937e+01 0
7.750755e+01 9.805925e+01 0
7.782217e+01 9.805913e+01 0
7.813676e+01 9.805901e+01 0
7.845134e+01 9.805890e+01 0
7.876589e+01 9.805878e+01 0
7.908041e+01 9.805866e+01 0
7.939492e+01 9.805854e+01 0
7.970940e+01 9.805842e+01 0
8.002385e+01 9.805830e+01 0
8.033829e+01 9.805819e+01 0
8.065269e+01 9.805807e+01 0
8.096708e+01 9.805795e+01 0
8.128144e+01 9.805783e+01 0
8.222439e+01 9.805748e+01 0
8.253865e+01 9.805736e+01 0
8.285290e+01 9.805724e+01 0
8.316712e+01 9.805712e+01 0
8.348131e+01 9.805701e+01 0
8.379549e+01 9.805689e+01 0
8.410964e+01 9.805677e+01 0
