1.271240e+02 1.683975e+02 0
1.271299e+02 1.688335e+02 0
1.271358e+02 1.692696e+02 0
1.271417e+02 1.697059e+02 0
1.271476e+02 1.701423e+02 0
1.271771e+02 1.723268e+02 0
1.271830e+02 1.727641e+02 0
1.271889e+02 1.732016e+02 0
1.272067e+02 1.745150e+02 0
1.272126e+02 1.749531e+02 0
1.273932e+02 1.588341e+02 0
1.273991e+02 1.592668e+02 0
1.274228e+02 1.609991e+02 0
1.274287e+02 1.614325e+02 0
1.274346e+02 1.618661e+02 0
1.274465e+02 1.627337e+02 0
1.274524e+02 1.631677e+02 0
1.274583e+02 1.636019e+02 0
1.274643e+02 1.640362e+02 0
1.274702e+02 1.644707e+02 0
1.274762e+02 1.649053e+02 0
1.274821e+02 1.653401e+02 0
1.274881e+02 1.657750e+02 0
1.274940e+02 1.662101e+02 0
1.275000e+02 1.666453e+02 0
1.275059e+02 1.670806e+02 0
1.275119e+02 1.675162e+02 0
1.275536e+02 1.705690e+02 0
1.277079e+02 1.527828e+02 0
1.277138e+02 1.532134e+02 0
1.277257e+02 1.540751e+02 0
1.277317e+02 1.545061e+02 0
1.277377e+02 1.549373e+02 0
1.277436e+02 1.553687e+02 0
1.277496e+02 1.558002e+02 0
1.277556e+02 1.562318e+02 0
1.277615e+02 1.566636e+02 0
1.277675e+02 1.570955e+02 0
1.277735e+02 1.575276e+02 0
1.277795e+02 1.579598e+02 0
1.277855e+02 1.583922e+02 0
1.278034e+02 1.596902e+02 0
1.278094e+02 1.601232e+02 0
1.278154e+02 1.605563e+02 0
1.278394e+02 1.622902e+02 0
1.279911e+02 1.446204e+02 0
1.279971e+02 1.450482e+02 0
1.280091e+02 1.459043e+02 0
1.280151e+02 1.463325e+02 0
1.280271e+02 1.471895e+02 0
1.280330e+02 1.476181e+02 0
1.280390e+02 1.480470e+02 0
1.280450e+02 1.484759e+02 0
1.280511e+02 1.489051e+02 0
1.280571e+02 1.493343e+02 0
1.280631e+02 1.497637e+02 0
1.280691e+02 1.501933e+02 0
1.280751e+02 1.506230e+02 0
1.280811e+02 1.510528e+02 0
1.280871e+02 1.514828e+02 0
1.280931e+02 1.519130e+02 0
1.280991e+02 1.523433e+02 0
1.281172e+02 1.536350e+02 0
1.283992e+02 1.454674e+02 0
1.284174e+02 1.467521e+02 0
1.286065e+02 1.322607e+02 0
1.286126e+02 1.326843e+02 0
1.286186e+02 1.331080e+02 0
1.286247e+02 1.335319e+02 0
1.286368e+02 1.343800e+02 0
1.286429e+02 1.348043e+02 0
1.286550e+02 1.356533e+02 0
1.286611e+02 1.360781e+02 0
1.286672e+02 1.365029e+02 0
1.286915e+02 1.382039e+02 0
1.288541e+02 1.221300e+02 0
1.288602e+02 1.225501e+02 0
1.288663e+02 1.229704e+02 0
1.288723e+02 1.233908e+02 0
1.288784e+02 1.238114e+02 0
1.288906e+02 1.246529e+02 0
1.288967e+02 1.250739e+02 0
1.289028e+02 1.254951e+02 0
1.289089e+02 1.259163e+02 0
1.289150e+02 1.263377e+02 0
1.289211e+02 1.267593e+02 0
1.289272e+02 1.271810e+02 0
1.289333e+02 1.276028e+02 0
1.289394e+02 1.280248e+02 0
1.289455e+02 1.284470e+02 0
1.289516e+02 1.288692e+02 0
1.289577e+02 1.292916e+02 0
1.289638e+02 1.297142e+02 0
1.289699e+02 1.301369e+02 0
1.289760e+02 1.305597e+02 0
1.289821e+02 1.309827e+02 0
1.289883e+02 1.314059e+02 0
1.289944e+02 1.318291e+02 0
1.290250e+02 1.339476e+02 0
1.291852e+02 1.179289e+02 0
1.291913e+02 1.183476e+02 0
1.291974e+02 1.187664e+02 0
1.292035e+02 1.191854e+02 0
1.292097e+02 1.196045e+02 0
1.292158e+02 1.200238e+02 0
1.292219e+02 1.204432e+02 0
1.292281e+02 1.208628e+02 0
1.292342e+02 1.212825e+02 0
1.292403e+02 1.217023e+02 0
1.292772e+02 1.242243e+02 0
1.299539e+02 9.099305e+01 0
1.302852e+02 8.730629e+01 0
1.302914e+02 8.771469e+01 0
1.302976e+02 8.812322e+01 0
1.303039e+02 8.853189e+01 0
1.303101e+02 8.894070e+01 0
1.303163e+02 8.934964e+01 0
1.303226e+02 8.975872e+01 0
1.303288e+02 9.016793e+01 0
1.303351e+02 9.057728e+01 0
1.305903e+02 8.200356e+01 0
1.305966e+02 8.241018e+01 0
1.306028e+02 8.281694e+01 0
1.306091e+02 8.322383e+01 0
1.306154e+02 8.363085e+01 0
1.306217e+02 8.403802e+01 0
1.306279e+02 8.444531e+01 0
1.306342e+02 8.485274e+01 0
1.306405e+02 8.526031e+01 0
1.306468e+02 8.566801e+01 0
1.306531e+02 8.607585e+01 0
1.306593e+02 8.648382e+01 0
1.306656e+02 8.689193e+01 0
1.308627e+02 7.470181e+01 0
1.308689e+02 7.510600e+01 0
1.308752e+02 7.551032e+01 0
1.308815e+02 7.591477e+01 0
1.308878e+02 7.631936e+01 0
1.308941e+02 7.672408e+01 0
1.309004e+02 7.712894e+01 0
1.309067e+02 7.753393e+01 0
1.309130e+02 7.793905e+01 0
1.309193e+02 7.834431e+01 0
1.309256e+02 7.874970e+01 0
1.309320e+02 7.915523e+01 0
1.309383e+02 7.956089e+01 0
1.309446e+02 7.996669e+01 0
1.309509e+02 8.037262e+01 0
1.309572e+02 8.077868e+01 0
1.309635e+02 8.118488e+01 0
1.309699e+02 8.159121e+01 0
1.311523e+02 6.864971e+01 0
1.311586e+02 6.905188e+01 0
1.311649e+02 6.945419e+01 0
1.311713e+02 6.985663e+01 0
1.311776e+02 7.025920e+01 0
1.311839e+02 7.066190e+01 0
1.311903e+02 7.106474e+01 0
1.311966e+02 7.146771e+01 0
1.312029e+02 7.187081e+01 0
1.312093e+02 7.227404e+01 0
1.312156e+02 7.267741e+01 0
1.312220e+02 7.308092e+01 0
1.312283e+02 7.348455e+01 0
1.312347e+02 7.388832e+01 0
1.312410e+02 7.429222e+01 0
1.314787e+02 6.503099e+01 0
1.314850e+02 6.543195e+01 0
1.314914e+02 6.583305e+01 0
1.314978e+02 6.623428e+01 0
1.315041e+02 6.663564e+01 0
1.315105e+02 6.703713e+01 0
1.315169e+02 6.743876e+01 0
1.315233e+02 6.784051e+01 0
1.315296e+02 6.824240e+01 0
1.325337e+02 3.609747e+01 0
1.325531e+02 3.727215e+01 0
1.325596e+02 3.766396e+01 0
1.325660e+02 3.805590e+01 0
1.325725e+02 3.844797e+01 0
1.327886e+02 2.868087e+01 0
1.328081e+02 2.984826e+01 0
1.328211e+02 3.062716e+01 0
1.328341e+02 3.140656e+01 0
1.328406e+02 3.179645e+01 0
1.328471e+02 3.218647e+01 0
1.328536e+02 3.257661e+01 0
1.328601e+02 3.296688e+01 0
1.328666e+02 3.335728e+01 0
1.328731e+02 3.374780e+01 0
1.328796e+02 3.413845e+01 0
1.328861e+02 3.452923e+01 0
1.328926e+02 3.492013e+01 0
1.328991e+02 3.531116e+01 0
1.329056e+02 3.570232e+01 0
1.329187e+02 3.648502e+01 0
1.329252e+02 3.687656e+01 0
1.330225e+02 2.015136e+01 0
1.330290e+02 2.053759e+01 0
1.330550e+02 2.208376e+01 0
1.330680e+02 2.285759e+01 0
1.330810e+02 2.363192e+01 0
1.330876e+02 2.401927e+01 0
1.330941e+02 2.440675e+01 0
1.331006e+02 2.479436e+01 0
1.331071e+02 2.518209e+01 0
1.331202e+02 2.595793e+01 0
1.331332e+02 2.673427e+01 0
1.331398e+02 2.712263e+01 0
1.331463e+02 2.751111e+01 0
1.331528e+02 2.789972e+01 0
1.331594e+02 2.828846e+01 0
1.331725e+02 2.906631e+01 0
1.331790e+02 2.945542e+01 0
1.331921e+02 3.023403e+01 0
1.332052e+02 3.101315e+01 0
1.332612e+02 1.206645e+01 0
1.333134e+02 1.513875e+01 0
1.333199e+02 1.552335e+01 0
1.333460e+02 1.706297e+01 0
1.333526e+02 1.744818e+01 0
1.333591e+02 1.783352e+01 0
1.333657e+02 1.821899e+01 0
1.333722e+02 1.860458e+01 0
1.333787e+02 1.899029e+01 0
1.333853e+02 1.937613e+01 0
1.333919e+02 1.976209e+01 0
1.334115e+02 2.092073e+01 0
1.334181e+02 2.130719e+01 0
1.334247e+02 2.169378e+01 0
1.334378e+02 2.246733e+01 0
1.336424e+02 1.244719e+01 0
1.336490e+02 1.283091e+01 0
1.336555e+02 1.321474e+01 0
1.336621e+02 1.359870e+01 0
1.336687e+02 1.398279e+01 0
1.336753e+02 1.436699e+01 0
1.336819e+02 1.475132e+01 0
1.337016e+02 1.590506e+01 0
1.337082e+02 1.628989e+01 0
1.337148e+02 1.667484e+01 0
1.342064e+02 -1.935402e+01 0
1.342196e+02 -1.860691e+01 0
1.342393e+02 -1.748536e+01 0
1.342591e+02 -1.636275e+01 0
1.342657e+02 -1.598830e+01 0
1.342723e+02 -1.561374e+01 0
1.342789e+02 -1.523906e+01 0
1.344372e+02 -2.717127e+01 0
1.344437e+02 -2.680027e+01 0
1.344503e+02 -2.642915e+01 0
1.344569e+02 -2.605792e+01 0
1.344635e+02 -2.568657e+01 0
1.344701e+02 -2.531510e+01 0
1.344767e+02 -2.494351e+01 0
1.344833e+02 -2.457181e+01 0
1.344899e+02 -2.419999e+01 0
1.344965e+02 -2.382805e+01 0
1.345032e+02 -2.345599e+01 0
1.345098e+02 -2.308381e+01 0
1.345164e+02 -2.271152e+01 0
1.345230e+02 -2.233911e+01 0
1.345296e+02 -2.196658e+01 0
1.345362e+02 -2.159393e+01 0
1.345429e+02 -2.122116e+01 0
1.345495e+02 -2.084828e+01 0
1.345561e+02 -2.047527e+01 0
1.345627e+02 -2.010215e+01 0
1.345694e+02 -1.972891e+01 0
1.345826e+02 -1.898207e+01 0
1.345959e+02 -1.823476e+01 0
1.346026e+02 -1.786093e+01 0
1.346158e+02 -1.711290e+01 0
1.346225e+02 -1.673871e+01 0
1.346465e+02 -3.604098e+01 0
1.346531e+02 -3.567280e+01 0
1.346597e+02 -3.530450e+01 0
1.346663e+02 -3.493609e+01 0
1.346729e+02 -3.456756e+01 0
1.346795e+02 -3.419892e+01 0
1.346862e+02 -3.383015e+01 0
1.346928e+02 -3.346128e+01 0
1.346994e+02 -3.309228e+01 0
1.347060e+02 -3.272317e+01 0
1.347126e+02 -3.235394e+01 0
1.347192e+02 -3.198460e+01 0
1.347259e+02 -3.161514e+01 0
1.347325e+02 -3.124556e+01 0
1.347391e+02 -3.087587e+01 0
1.347457e+02 -3.050605e+01 0
1.347524e+02 -3.013613e+01 0
1.347590e+02 -2.976608e+01 0
1.347656e+02 -2.939592e+01 0
1.347723e+02 -2.902564e+01 0
1.347789e+02 -2.865524e+01 0
1.347855e+02 -2.828473e+01 0
1.347922e+02 -2.791410e+01 0
1.347988e+02 -2.754335e+01 0
1.349072e+02 -4.191672e+01 0
1.349139e+02 -4.155041e+01 0
1.349205e+02 -4.118398e+01 0
1.349271e+02 -4.081744e+01 0
1.349337e+02 -4.045078e+01 0
1.349404e+02 -4.008400e+01 0
1.349470e+02 -3.971711e+01 0
1.349536e+02 -3.935010e+01 0
1.349603e+02 -3.898298e+01 0
1.349669e+02 -3.861574e+01 0
1.349736e+02 -3.824839e+01 0
1.349802e+02 -3.788092e+01 0
1.349868e+02 -3.751333e+01 0
1.349935e+02 -3.714563e+01 0
1.350001e+02 -3.677782e+01 0
1.350068e+02 -3.640988e+01 0
1.358163e+02 -7.156507e+01 0
1.358230e+02 -7.120808e+01 0
1.358296e+02 -7.085098e+01 0
1.358363e+02 -7.049378e+01 0
1.358430e+02 -7.013646e+01 0
1.358497e+02 -6.977902e+01 0
1.358564e+02 -6.942148e+01 0
1.358631e+02 -6.906383e+01 0
1.358698e+02 -6.870606e+01 0
1.360098e+02 -8.045295e+01 0
1.360232e+02 -7.974441e+01 0
1.360365e+02 -7.903543e+01 0
1.360432e+02 -7.868077e+01 0
1.360499e+02 -7.832600e+01 0
1.360566e+02 -7.797113e+01 0
1.360633e+02 -7.761614e+01 0
1.360700e+02 -7.726104e+01 0
1.360767e+02 -7.690584e+01 0
1.360834e+02 -7.655052e+01 0
1.360901e+02 -7.619510e+01 0
1.361035e+02 -7.548391e+01 0
1.361103e+02 -7.512816e+01 0
1.361170e+02 -7.477229e+01 0
1.361237e+02 -7.441631e+01 0
1.361304e+02 -7.406022e+01 0
1.361371e+02 -7.370402e+01 0
1.361438e+02 -7.334771e+01 0
1.361506e+02 -7.299130e+01 0
1.361573e+02 -7.263477e+01 0
1.361640e+02 -7.227812e+01 0
1.361708e+02 -7.192137e+01 0
1.362018e+02 -8.927168e+01 0
1.362219e+02 -8.821691e+01 0
1.362420e+02 -8.716117e+01 0
1.362554e+02 -8.645680e+01 0
1.362621e+02 -8.610445e+01 0
1.362822e+02 -8.504675e+01 0
1.362889e+02 -8.469396e+01 0
1.362956e+02 -8.434107e+01 0
1.363023e+02 -8.398807e+01 0
1.363090e+02 -8.363496e+01 0
1.363158e+02 -8.328174e+01 0
1.363225e+02 -8.292841e+01 0
1.363292e+02 -8.257497e+01 0
1.363359e+02 -8.222142e+01 0
1.363427e+02 -8.186777e+01 0
1.363494e+02 -8.151400e+01 0
1.363561e+02 -8.116013e+01 0
1.363629e+02 -8.080614e+01 0
1.363763e+02 -8.009784e+01 0
1.363898e+02 -7.938911e+01 0
1.364996e+02 -9.242876e+01 0
1.365063e+02 -9.207827e+01 0
1.365131e+02 -9.172767e+01 0
1.365198e+02 -9.137696e+01 0
1.365265e+02 -9.102614e+01 0
1.365333e+02 -9.067521e+01 0
1.365400e+02 -9.032418e+01 0
1.365467e+02 -8.997304e+01 0
1.365535e+02 -8.962179e+01 0
1.365669e+02 -8.891896e+01 0
1.365737e+02 -8.856738e+01 0
1.365872e+02 -8.786391e+01 0
1.365939e+02 -8.751201e+01 0
1.366074e+02 -8.680788e+01 0
1.366277e+02 -8.575088e+01 0
1.366345e+02 -8.539832e+01 0
1.367022e+02 -1.004588e+02 0
1.367291e+02 -9.906610e+01 0
1.367359e+02 -9.871766e+01 0
1.367426e+02 -9.836911e+01 0
1.367493e+02 -9.802045e+01 0
1.367561e+02 -9.767169e+01 0
1.367628e+02 -9.732282e+01 0
1.367696e+02 -9.697385e+01 0
1.367763e+02 -9.662477e+01 0
1.367831e+02 -9.627558e+01 0
1.367898e+02 -9.592628e+01 0
1.367966e+02 -9.557687e+01 0
1.368033e+02 -9.522736e+01 0
1.368101e+02 -9.487774e+01 0
1.368169e+02 -9.452801e+01 0
1.368236e+02 -9.417818e+01 0
1.368304e+02 -9.382824e+01 0
1.368372e+02 -9.347819e+01 0
1.368439e+02 -9.312803e+01 0
1.368507e+02 -9.277776e+01 0
1.369438e+02 -1.063568e+02 0
1.369573e+02 -1.056643e+02 0
1.369708e+02 -1.049714e+02 0
1.369775e+02 -1.046248e+02 0
1.369843e+02 -1.042781e+02 0
1.369910e+02 -1.039313e+02 0
1.369978e+02 -1.035843e+02 0
1.370046e+02 -1.032373e+02 0
1.370113e+02 -1.028901e+02 0
1.370181e+02 -1.025429e+02 0
1.370249e+02 -1.021955e+02 0
1.370316e+02 -1.018480e+02 0
1.370384e+02 -1.015005e+02 0
1.370452e+02 -1.011528e+02 0
1.370520e+02 -1.008050e+02 0
1.370655e+02 -1.001091e+02 0
1.370723e+02 -9.976101e+01 0
1.370791e+02 -9.941279e+01 0
1.371841e+02 -1.122238e+02 0
1.371976e+02 -1.115350e+02 0
1.372111e+02 -1.108457e+02 0
1.372179e+02 -1.105009e+02 0
1.372247e+02 -1.101559e+02 0
1.372315e+02 -1.098109e+02 0
1.372382e+02 -1.094658e+02 0
1.372450e+02 -1.091206e+02 0
1.372518e+02 -1.087752e+02 0
1.372586e+02 -1.084298e+02 0
1.372654e+02 -1.080842e+02 0
1.372722e+02 -1.077386e+02 0
1.372790e+02 -1.073928e+02 0
1.372858e+02 -1.070470e+02 0
1.372926e+02 -1.067010e+02 0
1.373062e+02 -1.060087e+02 0
1.373198e+02 -1.053161e+02 0
1.373960e+02 -1.194294e+02 0
1.374163e+02 -1.184025e+02 0
1.374435e+02 -1.170320e+02 0
1.374570e+02 -1.163460e+02 0
1.374638e+02 -1.160029e+02 0
1.374706e+02 -1.156597e+02 0
1.374774e+02 -1.153164e+02 0
1.374842e+02 -1.149729e+02 0
1.374910e+02 -1.146294e+02 0
1.374978e+02 -1.142858e+02 0
1.375047e+02 -1.139420e+02 0
1.375115e+02 -1.135982e+02 0
1.375183e+02 -1.132542e+02 0
1.375251e+02 -1.129101e+02 0
1.375319e+02 -1.125660e+02 0
1.375456e+02 -1.118773e+02 0
1.375592e+02 -1.111883e+02 0
1.378042e+02 -1.166867e+02 0
