1:
左：
-51.91 60.62 492.4
-57.19 60.66 514
-54.96 61.03 536.2
-47.45 61.19 555.4
-45.26 59.68 473.2
-27.34 59.32 455.7
-18.01 59.41 450.4
右：
88.06 57.53 492.6
76.05 57.89 471.1
59.66 57.77 455.9
40.84 57.75 446.8
90 58.6 509.3
89.69 58.62 532.6
86.98 58.72 543

2:
左：
-53.14 4.704 489.5
-59.04 4.736 511.9
-57.72 5.119 534.5
-50.78 5.299 554.5
-44.98 3.743 470.5
-26.21 3.38 453.5
-16.51 3.466 448.3
右：
86.83 1.621 489.7
74.19 1.961 469
56.9 1.867 454.2
37.51 1.857 445.9
90.28 2.67 506.6
90.82 2.677 530.3
88.48 2.779 540.9

3:
左：
-54.36 -51.21 486.7
-60.9 -51.19 509.7
-60.48 -50.79 532.9
-54.11 -50.59 553.5
-44.7 -52.19 467.7
-25.08 -52.56 451.3
-15.02 -52.47 446.2
右：
85.6 -54.29 486.8
72.34 -53.97 466.8
54.14 -54.04 452.5
34.18 -54.04 444.9
90.56 -53.26 503.9
91.95 -53.27 528.1
89.98 -52.16 538.8

4:
左：
-55.59 -107.1 483.8
-62.75 -107.1 507.6
-63.24 -106.7 531.2
-57.43 -106.5 552.6
-44.41 -108.1 465
-23.96 -108.5 449
-13.52 -108.4 444.1
右：
84.37 -110.2 483.9
70.48 -109.9 464.7
51.38 -109.9 450.9
30.86 -109.9 444
90.84 -109.2 501.1
93.08 -109.2 525.9
91.48 -109.1 536.7