1 686
2 686
3 686
4 686
5 686
8 686
9 686
10 686
11 686
12 686
13 686
17 686
18 686
19 686
20 687
23 687
24 687
25 687
26 687
27 687
30 687
31 687
32 687
33 687
34 687
37 687
38 687
39 687
40 687
41 687
43 687
45 687
46 687
47 687
49 687
50 687
51 687
54 687
57 687
62 687
44 688
52 688
53 688
56 688
58 688
59 688
60 688
63 688
64 688
65 688
66 688
67 688
68 688
69 688
70 688
71 688
72 688
73 688
74 688
75 688
76 688
77 688
155 691
156 691
157 691
158 691
159 691
160 691
161 691
162 691
163 691
164 691
165 691
166 691
167 691
168 691
170 691
171 691
172 691
173 691
169 692
174 692
175 692
176 692
177 692
178 692
179 692
180 692
181 692
182 692
183 692
184 692
185 692
186 692
187 692
188 692
189 692
190 692
191 692
192 692
195 692
196 692
193 693
194 693
197 693
198 693
199 693
200 693
201 693
202 693
203 693
204 693
205 693
206 693
207 693
208 693
209 693
212 693
216 693
218 693
219 693
210 694
211 694
213 694
214 694
215 694
217 694
220 694
221 694
222 694
223 694
224 694
225 694
226 694
227 694
228 694
229 694
230 694
310 698
311 698
312 698
313 698
314 698
315 698
316 698
317 698
318 698
319 698
320 698
321 698
322 698
323 698
324 698
325 698
326 698
327 698
328 698
329 698
330 698
332 698
333 698
334 698
331 699
335 699
336 699
337 699
338 699
339 699
340 699
341 699
342 699
343 699
344 699
345 699
346 699
347 699
348 699
349 699
350 699
351 699
352 699
353 699
354 699
355 699
356 699
357 699
358 699
359 699
360 699
361 699
362 699
363 699
364 699
365 699
366 699
368 699
369 699
370 699
371 699
372 699
373 699
374 699
375 699
376 699
377 699
378 699
379 699
380 699
381 699
386 699
367 700
382 700
383 700
384 700
385 700
387 700
388 700
389 700
390 700
391 700
476 701
475 702
477 702
478 702
479 702
480 702
481 702
482 702
483 702
484 702
485 702
486 702
487 702
488 702
489 702
490 702
491 702
492 702
493 702
494 702
495 702
496 702
497 702
498 702
499 702
500 702
501 702
502 702
503 702
504 702
505 702
506 702
507 702
508 702
509 702
510 702
511 702
512 702
513 702
514 702
515 702
517 702
518 702
521 702
522 702
523 702
516 703
519 703
520 703
524 703
525 703
526 703
527 703
528 703
529 703
530 703
531 703
532 703
533 703
534 703
535 703
536 703
537 703
538 703
539 703
540 703
541 703
542 703
543 703
544 703
545 703
546 703
547 703
548 703
549 703
550 703
551 703
552 703
553 703
554 703
555 703
556 703
557 703
558 703
644 705
645 705
646 705
647 705
648 705
649 705
650 705
651 705
652 705
653 705
655 705
656 705
657 705
658 705
664 705
668 705
654 706
659 706
660 706
661 706
662 706
663 706
665 706
666 706
667 706
669 706
670 706
671 706
672 706
673 706
674 706
675 706
676 706
677 706
678 706
679 706
680 706
681 706
682 706
683 706
684 706
685 706
686 706
687 706
688 706
689 706
690 706
691 706
692 706
693 706
694 707
695 707
696 707
697 707
698 707
699 707
700 707
701 707
702 707
703 707
704 707
705 707
706 707
707 707
708 707
709 707
710 707
711 707
712 707
713 707
714 707
715 707
716 707
717 707
718 707
719 707
720 707
721 707
722 707
723 707
724 707
725 707
726 707
727 707
728 707
730 707
731 707
732 707
729 708
733 708
734 708
735 708
736 708
737 708
738 708
739 708
740 708
741 708
742 708
743 708
744 708
745 708
746 708
747 708
748 708
749 708
750 708
753 708
754 708
755 708
756 708
757 708
758 708
759 708
760 708
761 708
763 708
764 708
765 708
751 709
752 709
762 709
766 709
767 709
768 709
769 709
770 709
771 709
772 709
773 709
774 709
775 709
776 709
777 709
778 709
779 709
780 709
781 709
782 709
783 709
784 709
785 710
786 710
787 710
788 710
789 710
790 710
791 710
792 710
793 710
794 710
795 710
796 710
797 710
798 710
799 710
800 710
