858 666
859 666
930 666
781 667
782 667
787 667
788 667
789 667
790 667
791 667
792 667
793 667
794 667
795 667
796 667
797 667
798 667
799 667
800 667
801 667
802 667
803 667
804 667
805 667
806 667
807 667
808 667
809 667
810 667
811 667
812 667
813 667
814 667
815 667
816 667
817 667
818 667
819 667
820 667
821 667
822 667
823 667
824 667
825 667
826 667
827 667
828 667
829 667
830 667
831 667
832 667
833 667
834 667
835 667
836 667
837 667
838 667
839 667
840 667
841 667
842 667
843 667
844 667
845 667
846 667
847 667
848 667
849 667
850 667
851 667
852 667
853 667
854 667
855 667
856 667
857 667
860 667
861 667
862 667
863 667
864 667
865 667
866 667
867 667
868 667
869 667
870 667
871 667
872 667
873 667
874 667
875 667
876 667
877 667
878 667
879 667
880 667
881 667
882 667
883 667
884 667
885 667
886 667
887 667
888 667
889 667
890 667
891 667
892 667
893 667
894 667
895 667
896 667
897 667
898 667
899 667
900 667
901 667
902 667
903 667
904 667
905 667
906 667
907 667
908 667
909 667
910 667
911 667
912 667
913 667
914 667
915 667
916 667
917 667
918 667
919 667
920 667
921 667
922 667
923 667
924 667
925 667
926 667
927 667
929 667
935 667
936 667
937 667
938 667
939 667
940 667
941 667
945 667
946 667
947 667
948 667
949 667
950 667
225 668
238 668
239 668
245 668
668 668
675 668
684 668
686 668
687 668
688 668
689 668
690 668
691 668
692 668
693 668
695 668
696 668
697 668
698 668
699 668
700 668
701 668
702 668
703 668
783 668
784 668
785 668
786 668
97 669
107 669
109 669
111 669
115 669
118 669
119 669
120 669
121 669
122 669
130 669
131 669
132 669
133 669
134 669
135 669
136 669
137 669
138 669
141 669
142 669
144 669
145 669
146 669
147 669
148 669
149 669
150 669
151 669
152 669
153 669
154 669
155 669
156 669
157 669
158 669
159 669
160 669
161 669
162 669
163 669
164 669
165 669
166 669
167 669
168 669
169 669
170 669
171 669
172 669
173 669
174 669
175 669
176 669
177 669
180 669
181 669
183 669
184 669
185 669
186 669
187 669
188 669
189 669
191 669
192 669
194 669
195 669
196 669
197 669
198 669
199 669
200 669
202 669
203 669
204 669
205 669
206 669
207 669
208 669
209 669
210 669
212 669
213 669
214 669
215 669
216 669
217 669
218 669
220 669
221 669
222 669
223 669
224 669
227 669
228 669
229 669
230 669
231 669
232 669
233 669
234 669
235 669
236 669
237 669
240 669
241 669
242 669
243 669
244 669
323 669
324 669
325 669
326 669
327 669
328 669
329 669
330 669
331 669
332 669
333 669
334 669
335 669
336 669
337 669
338 669
339 669
340 669
341 669
343 669
344 669
345 669
346 669
347 669
348 669
349 669
351 669
352 669
354 669
355 669
356 669
357 669
359 669
360 669
361 669
362 669
363 669
364 669
365 669
367 669
368 669
369 669
370 669
371 669
373 669
374 669
375 669
378 669
379 669
382 669
384 669
397 669
627 669
628 669
629 669
630 669
631 669
632 669
633 669
634 669
635 669
636 669
637 669
638 669
639 669
640 669
641 669
642 669
643 669
644 669
645 669
646 669
647 669
648 669
649 669
650 669
651 669
652 669
653 669
654 669
655 669
656 669
657 669
658 669
659 669
660 669
661 669
662 669
663 669
664 669
665 669
666 669
667 669
669 669
670 669
671 669
672 669
673 669
676 669
677 669
678 669
679 669
680 669
681 669
682 669
683 669
685 669
694 669
108 670
112 670
113 670
114 670
116 670
117 670
123 670
124 670
125 670
126 670
127 670
128 670
129 670
139 670
140 670
143 670
372 670
376 670
377 670
380 670
381 670
383 670
385 670
386 670
387 670
388 670
389 670
390 670
391 670
392 670
393 670
394 670
395 670
396 670
474 670
476 670
479 670
496 670
497 670
498 670
499 670
500 670
506 670
514 670
515 670
519 670
520 670
521 670
522 670
524 670
525 670
526 670
528 670
529 670
530 670
531 670
532 670
533 670
534 670
535 670
536 670
537 670
538 670
539 670
540 670
541 670
542 670
543 670
544 670
545 670
546 670
547 670
548 670
549 670
550 670
475 671
477 671
480 671
481 671
482 671
483 671
484 671
485 671
486 671
487 671
488 671
489 671
490 671
491 671
492 671
493 671
494 671
495 671
501 671
502 671
503 671
504 671
505 671
507 671
508 671
509 671
510 671
511 671
512 671
513 671
516 671
517 671
518 671
523 671
527 671
