809 620
810 620
811 620
812 620
813 620
814 620
815 620
816 620
817 620
818 620
819 620
820 620
821 620
822 620
823 620
824 620
825 620
826 620
827 620
828 620
829 620
830 620
831 620
832 620
833 620
834 620
835 620
836 620
837 620
838 620
839 620
840 620
841 620
842 620
843 620
844 620
845 620
846 620
847 620
848 620
849 620
850 620
851 620
852 620
853 620
854 620
855 620
678 621
679 621
680 621
681 621
682 621
683 621
684 621
686 621
687 621
688 621
689 621
690 621
691 621
692 621
693 621
694 621
695 621
696 621
697 621
698 621
699 621
700 621
701 621
702 621
703 621
704 621
705 621
706 621
707 621
708 621
709 621
710 621
711 621
712 621
713 621
714 621
715 621
716 621
717 621
718 621
719 621
720 621
721 621
722 621
723 621
724 621
725 621
726 621
727 621
728 621
729 621
730 621
731 621
732 621
733 621
734 621
735 621
736 621
737 621
738 621
739 621
740 621
741 621
742 621
743 621
563 622
575 622
576 622
577 622
579 622
581 622
582 622
586 622
587 622
589 622
591 622
592 622
593 622
594 622
595 622
597 622
598 622
599 622
600 622
601 622
602 622
603 622
604 622
605 622
606 622
607 622
608 622
609 622
610 622
611 622
612 622
685 622
175 623
178 623
179 623
188 623
189 623
191 623
196 623
197 623
201 623
202 623
205 623
208 623
209 623
210 623
211 623
213 623
214 623
216 623
217 623
218 623
219 623
287 623
288 623
289 623
290 623
291 623
292 623
293 623
294 623
295 623
296 623
297 623
298 623
299 623
300 623
301 623
302 623
303 623
304 623
305 623
306 623
307 623
308 623
309 623
310 623
311 623
312 623
313 623
314 623
315 623
316 623
317 623
318 623
319 623
320 623
321 623
322 623
323 623
324 623
325 623
326 623
327 623
328 623
329 623
330 623
331 623
332 623
333 623
334 623
335 623
336 623
337 623
338 623
339 623
340 623
341 623
342 623
343 623
344 623
345 623
346 623
347 623
348 623
349 623
350 623
351 623
417 623
418 623
419 623
427 623
428 623
429 623
434 623
435 623
439 623
441 623
443 623
453 623
456 623
465 623
466 623
468 623
472 623
478 623
548 623
549 623
550 623
551 623
552 623
553 623
554 623
555 623
556 623
557 623
558 623
559 623
560 623
561 623
562 623
564 623
565 623
566 623
567 623
568 623
569 623
570 623
571 623
572 623
573 623
574 623
578 623
580 623
583 623
584 623
585 623
588 623
590 623
596 623
166 624
167 624
169 624
170 624
171 624
172 624
173 624
174 624
176 624
177 624
180 624
181 624
182 624
183 624
184 624
187 624
190 624
192 624
193 624
194 624
199 624
200 624
203 624
206 624
212 624
215 624
420 624
421 624
422 624
423 624
424 624
425 624
426 624
430 624
431 624
432 624
433 624
436 624
437 624
438 624
440 624
442 624
444 624
445 624
446 624
447 624
448 624
449 624
450 624
451 624
452 624
454 624
455 624
457 624
458 624
459 624
460 624
461 624
462 624
463 624
464 624
467 624
469 624
470 624
471 624
473 624
474 624
475 624
476 624
477 624
479 624
480 624
481 624
