878 665
879 665
880 665
925 665
926 665
927 665
929 665
930 665
788 666
791 666
792 666
793 666
794 666
798 666
799 666
800 666
801 666
803 666
804 666
805 666
806 666
807 666
808 666
809 666
810 666
811 666
812 666
813 666
814 666
815 666
816 666
817 666
818 666
819 666
820 666
821 666
822 666
823 666
824 666
825 666
826 666
827 666
828 666
829 666
830 666
831 666
832 666
833 666
834 666
835 666
836 666
837 666
838 666
839 666
840 666
841 666
842 666
843 666
844 666
845 666
846 666
847 666
848 666
849 666
850 666
851 666
852 666
853 666
854 666
855 666
856 666
857 666
858 666
859 666
860 666
861 666
862 666
863 666
864 666
865 666
866 666
867 666
868 666
869 666
870 666
871 666
872 666
873 666
874 666
875 666
876 666
877 666
881 666
882 666
883 666
884 666
885 666
886 666
887 666
888 666
889 666
890 666
891 666
892 666
893 666
894 666
895 666
896 666
897 666
898 666
899 666
900 666
901 666
902 666
903 666
904 666
905 666
906 666
907 666
908 666
909 666
910 666
911 666
912 666
913 666
914 666
915 666
916 666
917 666
918 666
919 666
920 666
921 666
922 666
923 666
924 666
928 666
691 667
692 667
694 667
695 667
696 667
697 667
698 667
699 667
700 667
701 667
702 667
703 667
704 667
782 667
783 667
784 667
785 667
786 667
787 667
789 667
790 667
795 667
796 667
797 667
802 667
185 668
202 668
207 668
217 668
221 668
224 668
225 668
231 668
232 668
233 668
234 668
237 668
238 668
240 668
241 668
244 668
245 668
246 668
329 668
330 668
331 668
332 668
337 668
344 668
346 668
347 668
352 668
355 668
357 668
628 668
629 668
630 668
631 668
632 668
633 668
634 668
635 668
636 668
637 668
638 668
639 668
640 668
641 668
642 668
643 668
644 668
645 668
646 668
647 668
648 668
649 668
650 668
651 668
652 668
653 668
654 668
655 668
656 668
657 668
658 668
659 668
660 668
661 668
662 668
663 668
664 668
665 668
666 668
667 668
668 668
669 668
670 668
671 668
672 668
673 668
674 668
675 668
676 668
677 668
678 668
679 668
680 668
681 668
682 668
683 668
684 668
685 668
686 668
687 668
688 668
689 668
690 668
693 668
109 669
110 669
112 669
113 669
114 669
115 669
118 669
119 669
121 669
122 669
123 669
124 669
125 669
126 669
127 669
128 669
129 669
130 669
131 669
132 669
133 669
134 669
135 669
136 669
137 669
138 669
139 669
140 669
141 669
142 669
143 669
144 669
145 669
146 669
147 669
148 669
149 669
150 669
151 669
152 669
153 669
154 669
155 669
156 669
157 669
158 669
159 669
160 669
161 669
162 669
164 669
165 669
166 669
167 669
168 669
169 669
170 669
171 669
172 669
173 669
175 669
176 669
177 669
178 669
179 669
180 669
181 669
182 669
183 669
184 669
186 669
187 669
188 669
190 669
191 669
192 669
194 669
195 669
196 669
197 669
198 669
199 669
200 669
201 669
203 669
204 669
205 669
206 669
208 669
209 669
210 669
211 669
212 669
213 669
214 669
215 669
216 669
218 669
219 669
220 669
222 669
223 669
228 669
229 669
230 669
235 669
236 669
239 669
242 669
243 669
324 669
325 669
326 669
327 669
328 669
333 669
334 669
335 669
336 669
338 669
339 669
340 669
341 669
342 669
343 669
345 669
348 669
349 669
350 669
351 669
353 669
354 669
356 669
358 669
359 669
360 669
361 669
362 669
363 669
364 669
365 669
366 669
367 669
368 669
369 669
370 669
371 669
372 669
373 669
374 669
375 669
376 669
377 669
378 669
379 669
380 669
381 669
382 669
383 669
384 669
385 669
386 669
387 669
388 669
389 669
390 669
391 669
392 669
393 669
394 669
395 669
396 669
397 669
398 669
480 669
492 669
504 669
508 669
509 669
511 669
512 669
513 669
515 669
521 669
522 669
523 669
527 669
528 669
529 669
530 669
531 669
533 669
534 669
535 669
536 669
537 669
539 669
540 669
541 669
542 669
543 669
544 669
545 669
546 669
547 669
548 669
549 669
550 669
551 669
107 670
108 670
111 670
116 670
117 670
120 670
476 670
477 670
478 670
479 670
481 670
482 670
483 670
484 670
485 670
486 670
487 670
488 670
489 670
490 670
491 670
493 670
494 670
495 670
496 670
497 670
498 670
499 670
500 670
501 670
502 670
503 670
505 670
506 670
507 670
510 670
514 670
516 670
517 670
518 670
519 670
520 670
524 670
525 670
526 670
532 670
538 670
